% time	cellId	IMSI	frame	sframe	RNTI	mcs	size	ccId
0.026	1	14	3	7	1	0	19	0
0.026	1	14	3	7	1	0	19	1
0.027	1	14	3	8	1	0	19	0
0.027	1	14	3	8	1	0	19	1
0.028	1	14	3	9	1	0	19	0
0.028	1	14	3	9	1	0	19	1
0.029	1	14	3	10	1	0	19	1
0.03	1	14	4	1	1	0	19	0
0.03	1	14	4	1	1	0	19	1
0.031	1	14	4	2	1	0	7	0
0.031	1	15	4	2	12	0	7	0
0.031	1	14	4	2	1	0	7	1
0.031	1	15	4	2	12	0	7	1
0.032	1	14	4	3	1	0	7	0
0.032	1	15	4	3	12	0	7	0
0.032	1	14	4	3	1	0	7	1
0.032	1	15	4	3	12	0	7	1
0.033	1	14	4	4	1	20	161	0
0.033	1	15	4	4	12	0	7	0
0.033	1	14	4	4	1	0	7	1
0.033	1	15	4	4	12	0	7	1
0.034	1	14	4	5	1	20	161	0
0.034	1	15	4	5	12	0	7	0
0.034	1	14	4	5	1	0	7	1
0.034	1	15	4	5	12	0	7	1
0.035	1	14	4	6	1	0	7	1
0.035	1	15	4	6	12	0	7	1
0.036	1	14	4	7	1	20	161	0
0.036	1	15	4	7	12	0	7	0
0.036	1	14	4	7	1	0	7	1
0.036	1	15	4	7	12	0	7	1
0.037	1	14	4	8	1	20	161	0
0.037	1	15	4	8	12	0	7	0
0.037	1	14	4	8	1	0	7	1
0.037	1	15	4	8	12	0	7	1
0.038	1	5	4	9	20	0	7	0
0.038	1	14	4	9	1	20	161	0
0.038	1	5	4	9	20	0	7	1
0.038	1	14	4	9	1	0	7	1
0.039	1	15	4	10	12	0	7	0
0.039	1	5	4	10	20	0	7	0
0.039	1	15	4	10	12	0	7	1
0.039	1	5	4	10	20	0	7	1
0.04	1	14	5	1	1	20	161	0
0.04	1	14	5	1	1	0	7	1
0.04	1	15	5	1	12	0	7	1
0.041	1	5	5	2	20	0	7	1
0.041	1	14	5	2	1	20	161	1
0.042	1	5	5	3	20	0	7	0
0.042	1	14	5	3	1	20	161	0
0.042	1	15	5	3	12	0	7	1
0.042	1	5	5	3	20	0	7	1
0.043	1	5	5	4	20	0	7	0
0.043	1	14	5	4	1	20	161	1
0.043	1	15	5	4	12	0	7	1
0.044	1	7	5	5	29	0	7	0
0.044	1	14	5	5	1	20	161	0
0.044	1	5	5	5	20	0	7	1
0.044	1	7	5	5	29	0	7	1
0.045	1	14	5	6	1	20	161	1
0.045	1	15	5	6	12	0	7	1
0.046	1	7	5	7	29	0	7	0
0.046	1	14	5	7	1	20	161	0
0.046	1	5	5	7	20	0	7	1
0.046	1	7	5	7	29	0	7	1
0.047	1	14	5	8	1	20	161	1
0.047	1	15	5	8	12	0	7	1
0.048	1	5	5	9	20	0	7	1
0.048	1	7	5	9	29	0	7	1
0.049	1	7	5	10	29	0	7	0
0.049	1	9	5	10	39	0	7	0
0.049	1	14	5	10	1	20	161	1
0.049	1	15	5	10	12	0	7	1
0.05	1	14	6	1	1	20	161	0
0.05	1	5	6	1	20	0	7	1
0.05	1	7	6	1	29	0	7	1
0.051	1	9	6	2	39	0	7	1
0.051	1	14	6	2	1	20	161	1
0.052	1	9	6	3	39	0	7	0
0.052	1	14	6	3	1	20	161	0
0.052	1	15	6	3	12	20	161	1
0.052	1	5	6	3	20	0	7	1
0.053	1	7	6	4	29	0	7	1
0.053	1	9	6	4	39	0	7	1
0.054	1	15	6	5	12	20	161	0
0.054	1	14	6	5	1	20	161	1
0.054	1	15	6	5	12	20	161	1
0.055	1	9	6	6	39	0	7	0
0.055	1	5	6	6	20	0	7	1
0.055	1	7	6	6	29	0	7	1
0.056	1	2	6	7	50	20	161	0
0.056	1	14	6	7	1	20	161	0
0.056	1	9	6	7	39	0	7	1
0.056	1	2	6	7	50	20	161	1
0.057	1	15	6	8	12	20	161	0
0.057	1	14	6	8	1	20	161	1
0.057	1	15	6	8	12	20	161	1
0.058	1	9	6	9	39	0	7	0
0.058	1	5	6	9	20	0	7	1
0.058	1	7	6	9	29	0	7	1
0.059	1	9	6	10	39	0	7	1
0.059	1	2	6	10	50	20	161	1
0.06	1	2	7	1	50	20	161	0
0.06	1	14	7	1	1	20	161	0
0.06	1	14	7	1	1	20	161	1
0.06	1	15	7	1	12	20	161	1
0.061	1	15	7	2	12	20	161	0
0.061	1	5	7	2	20	20	161	0
0.061	1	5	7	2	20	20	161	1
0.061	1	7	7	2	29	0	7	1
0.062	1	9	7	3	39	0	7	1
0.062	1	2	7	3	50	20	161	1
0.063	1	2	7	4	50	20	161	0
0.063	1	11	7	4	58	20	161	0
0.063	1	11	7	4	58	20	161	1
0.063	1	14	7	4	1	20	161	1
0.064	1	14	7	5	1	20	161	0
0.064	1	15	7	5	12	20	161	0
0.064	1	15	7	5	12	20	161	1
0.064	1	5	7	5	20	20	161	1
0.065	1	7	7	6	29	0	7	1
0.065	1	9	7	6	39	0	7	1
0.066	1	5	7	7	20	20	161	0
0.066	1	2	7	7	50	20	161	1
0.066	1	11	7	7	58	20	161	1
0.067	1	2	7	8	50	20	161	0
0.067	1	14	7	8	1	20	161	1
0.067	1	15	7	8	12	20	161	1
0.068	1	11	7	9	58	20	161	0
0.068	1	10	7	9	63	0	7	0
0.068	1	5	7	9	20	20	161	1
0.068	1	7	7	9	29	0	7	1
0.069	1	14	7	10	1	20	161	0
0.069	1	15	7	10	12	20	161	0
0.069	1	9	7	10	39	0	7	1
0.069	1	2	7	10	50	20	161	1
0.07	1	5	8	1	20	20	161	0
0.07	1	7	8	1	29	20	161	0
0.07	1	11	8	1	58	20	161	1
0.07	1	10	8	1	63	0	7	1
0.071	1	14	8	2	1	20	161	1
0.071	1	15	8	2	12	20	161	1
0.072	1	2	8	3	50	20	161	0
0.072	1	5	8	3	20	20	161	1
0.072	1	7	8	3	29	20	161	1
0.073	1	11	8	4	58	20	161	0
0.073	1	10	8	4	63	0	7	0
0.073	1	9	8	4	39	0	7	1
0.073	1	2	8	4	50	20	161	1
0.074	1	8	8	5	71	0	7	0
0.074	1	14	8	5	1	20	161	0
0.074	1	11	8	5	58	20	161	1
0.074	1	10	8	5	63	0	7	1
0.075	1	15	8	6	12	20	161	0
0.075	1	5	8	6	20	20	161	0
0.075	1	8	8	6	71	0	7	1
0.075	1	14	8	6	1	20	161	1
0.076	1	7	8	7	29	20	161	0
0.076	1	15	8	7	12	20	161	1
0.076	1	5	8	7	20	20	161	1
0.077	1	7	8	8	29	20	161	1
0.077	1	9	8	8	39	0	7	1
0.078	1	2	8	9	50	20	161	0
0.078	1	11	8	9	58	20	161	0
0.078	1	2	8	9	50	20	161	1
0.078	1	11	8	9	58	20	161	1
0.079	1	8	8	10	71	0	7	0
0.079	1	10	8	10	63	0	7	1
0.079	1	8	8	10	71	0	7	1
0.08	1	4	9	1	78	0	7	0
0.08	1	14	9	1	1	20	161	0
0.08	1	4	9	1	78	0	7	1
0.08	1	14	9	1	1	20	161	1
0.081	1	15	9	2	12	20	161	0
0.081	1	5	9	2	20	20	161	0
0.081	1	15	9	2	12	20	161	1
0.081	1	5	9	2	20	20	161	1
0.082	1	7	9	3	29	20	161	0
0.082	1	9	9	3	39	20	161	0
0.082	1	7	9	3	29	20	161	1
0.082	1	9	9	3	39	20	161	1
0.083	1	2	9	4	50	20	161	1
0.083	1	11	9	4	58	20	161	1
0.084	1	2	9	5	50	20	161	0
0.084	1	11	9	5	58	20	161	0
0.084	1	10	9	5	63	20	161	1
0.084	1	8	9	5	71	0	7	1
0.085	1	10	9	6	63	20	161	0
0.085	1	4	9	6	78	0	7	1
0.085	1	12	9	6	82	20	161	1
0.086	1	4	9	7	78	0	7	0
0.086	1	12	9	7	82	20	161	0
0.086	1	14	9	7	1	20	161	1
0.086	1	15	9	7	12	20	161	1
0.087	1	14	9	8	1	20	161	0
0.087	1	15	9	8	12	20	161	0
0.087	1	5	9	8	20	20	161	1
0.087	1	7	9	8	29	20	161	1
0.088	1	5	9	9	20	20	161	0
0.088	1	7	9	9	29	20	161	0
0.088	1	9	9	9	39	20	161	1
0.088	1	2	9	9	50	20	161	1
0.089	1	11	9	10	58	20	161	1
0.089	1	10	9	10	63	20	161	1
0.09	1	9	10	1	39	20	161	0
0.09	1	2	10	1	50	20	161	0
0.09	1	8	10	1	71	20	161	1
0.09	1	4	10	1	78	0	7	1
0.091	1	11	10	2	58	20	161	0
0.091	1	10	10	2	63	20	161	0
0.091	1	12	10	2	82	20	161	1
0.091	1	1	10	2	87	20	161	1
0.092	1	8	10	3	71	20	161	0
0.092	1	14	10	3	1	20	161	1
0.092	1	15	10	3	12	20	161	1
0.093	1	12	10	4	82	20	161	0
0.093	1	1	10	4	87	20	161	0
0.093	1	5	10	4	20	20	161	1
0.093	1	7	10	4	29	20	161	1
0.094	1	14	10	5	1	20	161	0
0.094	1	15	10	5	12	20	161	0
0.094	1	9	10	5	39	20	161	1
0.094	1	2	10	5	50	20	161	1
0.095	1	11	10	6	58	20	161	1
0.095	1	10	10	6	63	20	161	1
0.096	1	5	10	7	20	20	161	0
0.096	1	7	10	7	29	20	161	0
0.096	1	8	10	7	71	20	161	1
0.096	1	4	10	7	78	0	7	1
0.097	1	9	10	8	39	20	161	0
0.097	1	2	10	8	50	20	161	0
0.097	1	12	10	8	82	20	161	1
0.097	1	1	10	8	87	20	161	1
0.098	1	11	10	9	58	20	161	0
0.098	1	10	10	9	63	20	161	0
0.098	1	6	10	9	91	20	161	1
0.098	1	14	10	9	1	20	161	1
0.099	1	8	10	10	71	20	161	0
0.099	1	4	10	10	78	20	161	0
0.099	1	15	10	10	12	20	161	1
0.099	1	5	10	10	20	20	161	1
0.1	1	12	11	1	82	20	161	0
0.1	1	1	11	1	87	20	161	0
0.1	1	7	11	1	29	20	161	1
0.1	1	9	11	1	39	20	161	1
0.101	1	2	11	2	50	20	161	1
0.101	1	11	11	2	58	20	161	1
0.102	1	6	11	3	91	20	161	0
0.102	1	14	11	3	1	20	161	0
0.102	1	10	11	3	63	20	161	1
0.102	1	8	11	3	71	20	161	1
0.103	1	15	11	4	12	20	161	0
0.103	1	5	11	4	20	20	161	0
0.103	1	4	11	4	78	20	161	1
0.103	1	12	11	4	82	20	161	1
0.104	1	7	11	5	29	20	161	0
0.104	1	9	11	5	39	20	161	0
0.104	1	1	11	5	87	20	161	1
0.104	1	6	11	5	91	20	161	1
0.105	1	2	11	6	50	20	161	0
0.105	1	11	11	6	58	20	161	0
0.105	1	13	11	6	94	0	7	1
0.105	1	14	11	6	1	20	161	1
0.106	1	10	11	7	63	20	161	0
0.106	1	8	11	7	71	20	161	0
0.106	1	15	11	7	12	20	161	1
0.106	1	5	11	7	20	20	161	1
0.107	1	4	11	8	78	20	161	0
0.107	1	12	11	8	82	20	161	0
0.107	1	7	11	8	29	20	161	1
0.107	1	9	11	8	39	20	161	1
0.108	1	1	11	9	87	20	161	0
0.108	1	6	11	9	91	20	161	0
0.108	1	2	11	9	50	20	161	1
0.108	1	11	11	9	58	20	161	1
0.109	1	13	11	10	94	0	7	0
0.109	1	3	11	10	96	0	7	0
0.109	1	10	11	10	63	20	161	1
0.109	1	8	11	10	71	20	161	1
0.11	1	14	12	1	1	20	161	0
0.11	1	15	12	1	12	20	161	0
0.11	1	4	12	1	78	20	161	1
0.11	1	12	12	1	82	20	161	1
0.111	1	5	12	2	20	20	161	0
0.111	1	7	12	2	29	20	161	0
0.111	1	1	12	2	87	20	161	1
0.111	1	6	12	2	91	20	161	1
0.112	1	9	12	3	39	20	161	0
0.112	1	2	12	3	50	20	161	0
0.112	1	13	12	3	94	0	7	1
0.112	1	3	12	3	96	0	7	1
0.113	1	11	12	4	58	20	161	0
0.113	1	10	12	4	63	20	161	0
0.113	1	14	12	4	1	20	161	1
0.113	1	15	12	4	12	20	161	1
0.114	1	8	12	5	71	20	161	0
0.114	1	4	12	5	78	20	161	0
0.114	1	5	12	5	20	20	161	1
0.114	1	7	12	5	29	20	161	1
0.115	1	12	12	6	82	20	161	0
0.115	1	1	12	6	87	20	161	0
0.115	1	9	12	6	39	20	161	1
0.115	1	2	12	6	50	20	161	1
0.116	1	6	12	7	91	20	161	0
0.116	1	13	12	7	94	0	7	0
0.116	1	11	12	7	58	20	161	1
0.116	1	10	12	7	63	20	161	1
0.117	1	3	12	8	96	0	7	0
0.117	1	14	12	8	1	20	161	0
0.117	1	8	12	8	71	20	161	1
0.117	1	4	12	8	78	20	161	1
0.118	1	15	12	9	12	20	161	0
0.118	1	5	12	9	20	20	161	0
0.118	1	12	12	9	82	20	161	1
0.118	1	1	12	9	87	20	161	1
0.119	1	7	12	10	29	20	161	0
0.119	1	9	12	10	39	20	161	0
0.119	1	6	12	10	91	20	161	1
0.119	1	13	12	10	94	0	7	1
0.12	1	2	13	1	50	20	161	0
0.12	1	11	13	1	58	20	161	0
0.12	1	3	13	1	96	0	7	1
0.12	1	14	13	1	1	20	161	1
0.121	1	10	13	2	63	20	161	0
0.121	1	8	13	2	71	20	161	0
0.121	1	15	13	2	12	20	161	1
0.121	1	5	13	2	20	20	161	1
0.122	1	4	13	3	78	20	161	0
0.122	1	12	13	3	82	20	161	0
0.122	1	7	13	3	29	20	161	1
0.122	1	9	13	3	39	20	161	1
0.123	1	1	13	4	87	20	161	0
0.123	1	6	13	4	91	20	161	0
0.123	1	2	13	4	50	20	161	1
0.123	1	11	13	4	58	20	161	1
0.124	1	13	13	5	94	20	161	0
0.124	1	10	13	5	63	20	161	1
0.124	1	8	13	5	71	20	161	1
0.125	1	14	13	6	1	20	161	0
0.125	1	15	13	6	12	20	161	0
0.125	1	4	13	6	78	20	161	1
0.125	1	12	13	6	82	20	161	1
0.126	1	5	13	7	20	20	161	0
0.126	1	7	13	7	29	20	161	0
0.126	1	1	13	7	87	20	161	1
0.126	1	6	13	7	91	20	161	1
0.127	1	9	13	8	39	20	161	0
0.127	1	2	13	8	50	20	161	0
0.127	1	13	13	8	94	20	161	1
0.127	1	3	13	8	96	20	161	1
0.128	1	11	13	9	58	20	161	0
0.128	1	10	13	9	63	20	161	0
0.128	1	14	13	9	1	20	161	1
0.128	1	15	13	9	12	20	161	1
0.129	1	8	13	10	71	20	161	0
0.129	1	4	13	10	78	20	161	0
0.129	1	5	13	10	20	20	161	1
0.129	1	7	13	10	29	20	161	1
0.13	1	12	14	1	82	20	161	0
0.13	1	1	14	1	87	20	161	0
0.13	1	9	14	1	39	20	161	1
0.13	1	2	14	1	50	20	161	1
0.131	1	6	14	2	91	20	161	0
0.131	1	13	14	2	94	20	161	0
0.131	1	11	14	2	58	20	161	1
0.131	1	10	14	2	63	20	161	1
0.132	1	3	14	3	96	20	161	0
0.132	1	14	14	3	1	20	161	0
0.132	1	8	14	3	71	20	161	1
0.132	1	4	14	3	78	20	161	1
0.133	1	15	14	4	12	20	161	0
0.133	1	5	14	4	20	20	161	0
0.133	1	12	14	4	82	20	161	1
0.133	1	1	14	4	87	20	161	1
0.134	1	7	14	5	29	20	161	0
0.134	1	9	14	5	39	20	161	0
0.134	1	6	14	5	91	20	161	1
0.134	1	13	14	5	94	20	161	1
0.135	1	2	14	6	50	20	161	0
0.135	1	11	14	6	58	20	161	0
0.135	1	3	14	6	96	20	161	1
0.135	1	14	14	6	1	20	161	1
0.136	1	10	14	7	63	20	161	0
0.136	1	8	14	7	71	20	161	0
0.136	1	15	14	7	12	20	161	1
0.136	1	5	14	7	20	20	161	1
0.137	1	4	14	8	78	20	161	0
0.137	1	12	14	8	82	20	161	0
0.137	1	7	14	8	29	20	161	1
0.137	1	9	14	8	39	20	161	1
0.138	1	1	14	9	87	20	161	0
0.138	1	6	14	9	91	20	161	0
0.138	1	2	14	9	50	20	161	1
0.138	1	11	14	9	58	20	161	1
0.139	1	13	14	10	94	20	161	0
0.139	1	3	14	10	96	20	161	0
0.139	1	10	14	10	63	20	161	1
0.139	1	8	14	10	71	20	161	1
0.14	1	14	15	1	1	20	161	0
0.14	1	15	15	1	12	20	161	0
0.14	1	4	15	1	78	20	161	1
0.14	1	12	15	1	82	20	161	1
0.141	1	5	15	2	20	20	161	0
0.141	1	7	15	2	29	20	161	0
0.141	1	1	15	2	87	20	161	1
0.141	1	6	15	2	91	20	161	1
0.142	1	9	15	3	39	20	161	0
0.142	1	2	15	3	50	20	161	0
0.142	1	13	15	3	94	20	161	1
0.142	1	3	15	3	96	20	161	1
0.143	1	11	15	4	58	20	161	0
0.143	1	10	15	4	63	20	161	0
0.143	1	14	15	4	1	20	161	1
0.143	1	15	15	4	12	20	161	1
0.144	1	8	15	5	71	20	161	0
0.144	1	4	15	5	78	20	161	0
0.144	1	5	15	5	20	20	161	1
0.144	1	7	15	5	29	20	161	1
0.145	1	12	15	6	82	20	161	0
0.145	1	1	15	6	87	20	161	0
0.145	1	9	15	6	39	20	161	1
0.145	1	2	15	6	50	20	161	1
0.146	1	6	15	7	91	20	161	0
0.146	1	13	15	7	94	20	161	0
0.146	1	11	15	7	58	20	161	1
0.146	1	10	15	7	63	20	161	1
0.147	1	3	15	8	96	20	161	0
0.147	1	14	15	8	1	20	161	0
0.147	1	8	15	8	71	20	161	1
0.147	1	4	15	8	78	20	161	1
0.148	1	15	15	9	12	20	161	0
0.148	1	5	15	9	20	20	161	0
0.148	1	12	15	9	82	20	161	1
0.148	1	1	15	9	87	20	161	1
0.149	1	7	15	10	29	20	161	0
0.149	1	9	15	10	39	20	161	0
0.149	1	6	15	10	91	20	161	1
0.149	1	13	15	10	94	20	161	1
0.15	1	2	16	1	50	20	161	0
0.15	1	11	16	1	58	20	161	0
0.15	1	3	16	1	96	20	161	1
0.15	1	14	16	1	1	20	161	1
0.151	1	10	16	2	63	20	161	0
0.151	1	8	16	2	71	20	161	0
0.151	1	15	16	2	12	20	161	1
0.151	1	5	16	2	20	20	161	1
0.152	1	4	16	3	78	20	161	0
0.152	1	12	16	3	82	20	161	0
0.152	1	7	16	3	29	20	161	1
0.152	1	9	16	3	39	20	161	1
0.153	1	1	16	4	87	20	161	0
0.153	1	6	16	4	91	20	161	0
0.153	1	2	16	4	50	20	161	1
0.153	1	11	16	4	58	20	161	1
0.154	1	13	16	5	94	20	161	0
0.154	1	3	16	5	96	20	161	0
0.154	1	10	16	5	63	20	161	1
0.154	1	8	16	5	71	20	161	1
0.155	1	14	16	6	1	20	161	0
0.155	1	15	16	6	12	20	161	0
0.155	1	4	16	6	78	20	161	1
0.155	1	12	16	6	82	20	161	1
0.156	1	5	16	7	20	20	161	0
0.156	1	7	16	7	29	20	161	0
0.156	1	1	16	7	87	20	161	1
0.156	1	6	16	7	91	20	161	1
0.157	1	9	16	8	39	20	161	0
0.157	1	2	16	8	50	20	161	0
0.157	1	13	16	8	94	20	161	1
0.157	1	3	16	8	96	20	161	1
0.158	1	11	16	9	58	20	161	0
0.158	1	10	16	9	63	20	161	0
0.158	1	14	16	9	1	20	161	1
0.158	1	15	16	9	12	20	161	1
0.159	1	8	16	10	71	20	161	0
0.159	1	4	16	10	78	20	161	0
0.159	1	5	16	10	20	20	161	1
0.159	1	7	16	10	29	20	161	1
0.16	1	12	17	1	82	20	161	0
0.16	1	1	17	1	87	20	161	0
0.16	1	9	17	1	39	20	161	1
0.16	1	2	17	1	50	20	161	1
0.161	1	6	17	2	91	20	161	0
0.161	1	13	17	2	94	20	161	0
0.161	1	11	17	2	58	20	161	1
0.161	1	10	17	2	63	20	161	1
0.162	1	3	17	3	96	20	161	0
0.162	1	14	17	3	1	20	161	0
0.162	1	8	17	3	71	20	161	1
0.162	1	4	17	3	78	20	161	1
0.163	1	15	17	4	12	20	161	0
0.163	1	5	17	4	20	20	161	0
0.163	1	12	17	4	82	20	161	1
0.163	1	1	17	4	87	20	161	1
0.164	1	7	17	5	29	20	161	0
0.164	1	9	17	5	39	20	161	0
0.164	1	6	17	5	91	20	161	1
0.164	1	13	17	5	94	20	161	1
0.165	1	2	17	6	50	20	161	0
0.165	1	11	17	6	58	20	161	0
0.165	1	3	17	6	96	20	161	1
0.165	1	14	17	6	1	20	161	1
0.166	1	10	17	7	63	20	161	0
0.166	1	8	17	7	71	20	161	0
0.166	1	15	17	7	12	20	161	1
0.166	1	5	17	7	20	20	161	1
0.167	1	4	17	8	78	20	161	0
0.167	1	12	17	8	82	20	161	0
0.167	1	7	17	8	29	20	161	1
0.167	1	9	17	8	39	20	161	1
0.168	1	1	17	9	87	20	161	0
0.168	1	6	17	9	91	20	161	0
0.168	1	2	17	9	50	20	161	1
0.168	1	11	17	9	58	20	161	1
0.169	1	13	17	10	94	20	161	0
0.169	1	3	17	10	96	20	161	0
0.169	1	10	17	10	63	20	161	1
0.169	1	8	17	10	71	20	161	1
0.17	1	14	18	1	1	20	161	0
0.17	1	15	18	1	12	20	161	0
0.17	1	4	18	1	78	20	161	1
0.17	1	12	18	1	82	20	161	1
0.171	1	5	18	2	20	20	161	0
0.171	1	7	18	2	29	20	161	0
0.171	1	1	18	2	87	20	161	1
0.171	1	6	18	2	91	20	161	1
0.172	1	9	18	3	39	20	161	0
0.172	1	2	18	3	50	20	161	0
0.172	1	13	18	3	94	20	161	1
0.172	1	3	18	3	96	20	161	1
0.173	1	11	18	4	58	20	161	0
0.173	1	10	18	4	63	20	161	0
0.173	1	14	18	4	1	20	161	1
0.173	1	15	18	4	12	20	161	1
0.174	1	8	18	5	71	20	161	0
0.174	1	4	18	5	78	20	161	0
0.174	1	5	18	5	20	20	161	1
0.174	1	7	18	5	29	20	161	1
0.175	1	12	18	6	82	20	161	0
0.175	1	1	18	6	87	20	161	0
0.175	1	9	18	6	39	20	161	1
0.175	1	2	18	6	50	20	161	1
0.176	1	6	18	7	91	20	161	0
0.176	1	13	18	7	94	20	161	0
0.176	1	11	18	7	58	20	161	1
0.176	1	10	18	7	63	20	161	1
0.177	1	3	18	8	96	20	161	0
0.177	1	14	18	8	1	20	161	0
0.177	1	8	18	8	71	20	161	1
0.177	1	4	18	8	78	20	161	1
0.178	1	15	18	9	12	20	161	0
0.178	1	5	18	9	20	20	161	0
0.178	1	12	18	9	82	20	161	1
0.178	1	1	18	9	87	20	161	1
0.179	1	7	18	10	29	20	161	0
0.179	1	9	18	10	39	20	161	0
0.179	1	6	18	10	91	20	161	1
0.179	1	13	18	10	94	20	161	1
0.18	1	2	19	1	50	20	161	0
0.18	1	11	19	1	58	20	161	0
0.18	1	3	19	1	96	20	161	1
0.18	1	14	19	1	1	20	161	1
0.181	1	10	19	2	63	20	161	0
0.181	1	8	19	2	71	20	161	0
0.181	1	15	19	2	12	20	161	1
0.181	1	5	19	2	20	20	161	1
0.182	1	4	19	3	78	20	161	0
0.182	1	12	19	3	82	20	161	0
0.182	1	7	19	3	29	20	161	1
0.182	1	9	19	3	39	20	161	1
0.183	1	1	19	4	87	20	161	0
0.183	1	6	19	4	91	20	161	0
0.183	1	2	19	4	50	20	161	1
0.183	1	11	19	4	58	20	161	1
0.184	1	13	19	5	94	20	161	0
0.184	1	3	19	5	96	20	161	0
0.184	1	10	19	5	63	20	161	1
0.184	1	8	19	5	71	20	161	1
0.185	1	14	19	6	1	20	161	0
0.185	1	15	19	6	12	20	161	0
0.185	1	4	19	6	78	20	161	1
0.185	1	12	19	6	82	20	161	1
0.186	1	5	19	7	20	20	161	0
0.186	1	7	19	7	29	20	161	0
0.186	1	1	19	7	87	20	161	1
0.186	1	6	19	7	91	20	161	1
0.187	1	9	19	8	39	20	161	0
0.187	1	2	19	8	50	20	161	0
0.187	1	13	19	8	94	20	161	1
0.187	1	3	19	8	96	20	161	1
0.188	1	11	19	9	58	20	161	0
0.188	1	10	19	9	63	20	161	0
0.188	1	14	19	9	1	20	161	1
0.188	1	15	19	9	12	20	161	1
0.189	1	8	19	10	71	20	161	0
0.189	1	4	19	10	78	20	161	0
0.189	1	5	19	10	20	20	161	1
0.189	1	7	19	10	29	20	161	1
0.19	1	12	20	1	82	20	161	0
0.19	1	1	20	1	87	20	161	0
0.19	1	9	20	1	39	20	161	1
0.19	1	2	20	1	50	20	161	1
0.191	1	6	20	2	91	20	161	0
0.191	1	13	20	2	94	20	161	0
0.191	1	11	20	2	58	20	161	1
0.191	1	10	20	2	63	20	161	1
0.192	1	3	20	3	96	20	161	0
0.192	1	14	20	3	1	20	161	0
0.192	1	8	20	3	71	20	161	1
0.192	1	4	20	3	78	20	161	1
0.193	1	15	20	4	12	20	161	0
0.193	1	5	20	4	20	20	161	0
0.193	1	12	20	4	82	20	161	1
0.193	1	1	20	4	87	20	161	1
0.194	1	7	20	5	29	20	161	0
0.194	1	9	20	5	39	20	161	0
0.194	1	6	20	5	91	20	161	1
0.194	1	13	20	5	94	20	161	1
0.195	1	2	20	6	50	20	161	0
0.195	1	11	20	6	58	20	161	0
0.195	1	3	20	6	96	20	161	1
0.195	1	14	20	6	1	20	161	1
0.196	1	10	20	7	63	20	161	0
0.196	1	8	20	7	71	20	161	0
0.196	1	15	20	7	12	20	161	1
0.196	1	5	20	7	20	20	161	1
0.197	1	4	20	8	78	20	161	0
0.197	1	12	20	8	82	20	161	0
0.197	1	7	20	8	29	20	161	1
0.197	1	9	20	8	39	20	161	1
0.198	1	1	20	9	87	20	161	0
0.198	1	6	20	9	91	20	161	0
0.198	1	2	20	9	50	20	161	1
0.198	1	11	20	9	58	20	161	1
0.199	1	13	20	10	94	20	161	0
0.199	1	3	20	10	96	20	161	0
0.199	1	10	20	10	63	20	161	1
0.199	1	8	20	10	71	20	161	1
0.2	1	14	21	1	1	20	161	0
0.2	1	15	21	1	12	20	161	0
0.2	1	4	21	1	78	20	161	1
0.2	1	12	21	1	82	20	161	1
0.201	1	5	21	2	20	20	161	0
0.201	1	7	21	2	29	20	161	0
0.201	1	1	21	2	87	20	161	1
0.201	1	6	21	2	91	20	161	1
0.202	1	9	21	3	39	20	161	0
0.202	1	2	21	3	50	20	161	0
0.202	1	13	21	3	94	20	161	1
0.202	1	3	21	3	96	20	161	1
0.203	1	11	21	4	58	20	161	0
0.203	1	10	21	4	63	20	161	0
0.203	1	14	21	4	1	20	161	1
0.203	1	15	21	4	12	20	161	1
0.204	1	8	21	5	71	20	161	0
0.204	1	4	21	5	78	20	161	0
0.204	1	5	21	5	20	20	161	1
0.204	1	7	21	5	29	20	161	1
0.205	1	12	21	6	82	20	161	0
0.205	1	1	21	6	87	20	161	0
0.205	1	9	21	6	39	20	161	1
0.205	1	2	21	6	50	20	161	1
0.206	1	6	21	7	91	20	161	0
0.206	1	13	21	7	94	20	161	0
0.206	1	11	21	7	58	20	161	1
0.206	1	10	21	7	63	20	161	1
0.207	1	3	21	8	96	20	161	0
0.207	1	14	21	8	1	20	161	0
0.207	1	8	21	8	71	20	161	1
0.207	1	4	21	8	78	20	161	1
0.208	1	15	21	9	12	20	161	0
0.208	1	5	21	9	20	20	161	0
0.208	1	12	21	9	82	20	161	1
0.208	1	1	21	9	87	20	161	1
0.209	1	7	21	10	29	20	161	0
0.209	1	9	21	10	39	20	161	0
0.209	1	6	21	10	91	20	161	1
0.209	1	13	21	10	94	20	161	1
0.21	1	2	22	1	50	20	161	0
0.21	1	11	22	1	58	20	161	0
0.21	1	3	22	1	96	20	161	1
0.21	1	14	22	1	1	20	161	1
0.211	1	10	22	2	63	20	161	0
0.211	1	8	22	2	71	20	161	0
0.211	1	15	22	2	12	20	161	1
0.211	1	5	22	2	20	20	161	1
0.212	1	4	22	3	78	20	161	0
0.212	1	12	22	3	82	20	161	0
0.212	1	7	22	3	29	20	161	1
0.212	1	9	22	3	39	20	161	1
0.213	1	1	22	4	87	20	161	0
0.213	1	6	22	4	91	20	161	0
0.213	1	2	22	4	50	20	161	1
0.213	1	11	22	4	58	20	161	1
0.214	1	13	22	5	94	20	161	0
0.214	1	3	22	5	96	20	161	0
0.214	1	10	22	5	63	20	161	1
0.214	1	8	22	5	71	20	161	1
0.215	1	14	22	6	1	20	161	0
0.215	1	15	22	6	12	20	161	0
0.215	1	4	22	6	78	20	161	1
0.215	1	12	22	6	82	20	161	1
0.216	1	5	22	7	20	20	161	0
0.216	1	7	22	7	29	20	161	0
0.216	1	1	22	7	87	20	161	1
0.216	1	6	22	7	91	20	161	1
0.217	1	9	22	8	39	20	161	0
0.217	1	2	22	8	50	20	161	0
0.217	1	13	22	8	94	20	161	1
0.217	1	3	22	8	96	20	161	1
0.218	1	11	22	9	58	20	161	0
0.218	1	10	22	9	63	20	161	0
0.218	1	14	22	9	1	20	161	1
0.218	1	15	22	9	12	20	161	1
0.219	1	8	22	10	71	20	161	0
0.219	1	4	22	10	78	20	161	0
0.219	1	5	22	10	20	20	161	1
0.219	1	7	22	10	29	20	161	1
0.22	1	12	23	1	82	20	161	0
0.22	1	1	23	1	87	20	161	0
0.22	1	9	23	1	39	20	161	1
0.22	1	2	23	1	50	20	161	1
0.221	1	6	23	2	91	20	161	0
0.221	1	13	23	2	94	20	161	0
0.221	1	11	23	2	58	20	161	1
0.221	1	10	23	2	63	20	161	1
0.222	1	3	23	3	96	20	161	0
0.222	1	14	23	3	1	20	161	0
0.222	1	8	23	3	71	20	161	1
0.222	1	4	23	3	78	20	161	1
0.223	1	15	23	4	12	20	161	0
0.223	1	5	23	4	20	20	161	0
0.223	1	12	23	4	82	20	161	1
0.223	1	1	23	4	87	20	161	1
0.224	1	7	23	5	29	20	161	0
0.224	1	9	23	5	39	20	161	0
0.224	1	6	23	5	91	20	161	1
0.224	1	13	23	5	94	20	161	1
0.225	1	2	23	6	50	20	161	0
0.225	1	11	23	6	58	20	161	0
0.225	1	3	23	6	96	20	161	1
0.225	1	14	23	6	1	20	161	1
0.226	1	10	23	7	63	20	161	0
0.226	1	8	23	7	71	20	161	0
0.226	1	15	23	7	12	20	161	1
0.226	1	5	23	7	20	20	161	1
0.227	1	4	23	8	78	20	161	0
0.227	1	12	23	8	82	20	161	0
0.227	1	7	23	8	29	20	161	1
0.227	1	9	23	8	39	20	161	1
0.228	1	1	23	9	87	20	161	0
0.228	1	6	23	9	91	20	161	0
0.228	1	2	23	9	50	20	161	1
0.228	1	11	23	9	58	20	161	1
0.229	1	13	23	10	94	20	161	0
0.229	1	3	23	10	96	20	161	0
0.229	1	10	23	10	63	20	161	1
0.229	1	8	23	10	71	20	161	1
0.23	1	14	24	1	1	20	161	0
0.23	1	15	24	1	12	20	161	0
0.23	1	4	24	1	78	20	161	1
0.23	1	12	24	1	82	20	161	1
0.231	1	5	24	2	20	20	161	0
0.231	1	7	24	2	29	20	161	0
0.231	1	1	24	2	87	20	161	1
0.231	1	6	24	2	91	20	161	1
0.232	1	9	24	3	39	20	161	0
0.232	1	2	24	3	50	20	161	0
0.232	1	13	24	3	94	20	161	1
0.232	1	3	24	3	96	20	161	1
0.233	1	11	24	4	58	20	161	0
0.233	1	10	24	4	63	20	161	0
0.233	1	14	24	4	1	20	161	1
0.233	1	15	24	4	12	20	161	1
0.234	1	8	24	5	71	20	161	0
0.234	1	4	24	5	78	20	161	0
0.234	1	5	24	5	20	20	161	1
0.234	1	7	24	5	29	20	161	1
0.235	1	12	24	6	82	20	161	0
0.235	1	1	24	6	87	20	161	0
0.235	1	9	24	6	39	20	161	1
0.235	1	2	24	6	50	20	161	1
0.236	1	6	24	7	91	20	161	0
0.236	1	13	24	7	94	20	161	0
0.236	1	11	24	7	58	20	161	1
0.236	1	10	24	7	63	20	161	1
0.237	1	3	24	8	96	20	161	0
0.237	1	14	24	8	1	20	161	0
0.237	1	8	24	8	71	20	161	1
0.237	1	4	24	8	78	20	161	1
0.238	1	15	24	9	12	20	161	0
0.238	1	5	24	9	20	20	161	0
0.238	1	12	24	9	82	20	161	1
0.238	1	1	24	9	87	20	161	1
0.239	1	7	24	10	29	20	161	0
0.239	1	9	24	10	39	20	161	0
0.239	1	6	24	10	91	20	161	1
0.239	1	13	24	10	94	20	161	1
0.24	1	2	25	1	50	20	161	0
0.24	1	11	25	1	58	20	161	0
0.24	1	3	25	1	96	20	161	1
0.24	1	14	25	1	1	20	161	1
0.241	1	10	25	2	63	20	161	0
0.241	1	8	25	2	71	20	161	0
0.241	1	15	25	2	12	20	161	1
0.241	1	5	25	2	20	20	161	1
0.242	1	4	25	3	78	20	161	0
0.242	1	12	25	3	82	20	161	0
0.242	1	7	25	3	29	20	161	1
0.242	1	9	25	3	39	20	161	1
0.243	1	1	25	4	87	20	161	0
0.243	1	6	25	4	91	20	161	0
0.243	1	2	25	4	50	20	161	1
0.243	1	11	25	4	58	20	161	1
0.244	1	13	25	5	94	20	161	0
0.244	1	3	25	5	96	20	161	0
0.244	1	10	25	5	63	20	161	1
0.244	1	8	25	5	71	20	161	1
0.245	1	14	25	6	1	20	161	0
0.245	1	15	25	6	12	20	161	0
0.245	1	4	25	6	78	20	161	1
0.245	1	12	25	6	82	20	161	1
0.246	1	5	25	7	20	20	161	0
0.246	1	7	25	7	29	20	161	0
0.246	1	1	25	7	87	20	161	1
0.246	1	6	25	7	91	20	161	1
0.247	1	9	25	8	39	20	161	0
0.247	1	2	25	8	50	20	161	0
0.247	1	13	25	8	94	20	161	1
0.247	1	3	25	8	96	20	161	1
0.248	1	11	25	9	58	20	161	0
0.248	1	10	25	9	63	20	161	0
0.248	1	14	25	9	1	20	161	1
0.248	1	15	25	9	12	20	161	1
0.249	1	8	25	10	71	20	161	0
0.249	1	4	25	10	78	20	161	0
0.249	1	5	25	10	20	20	161	1
0.249	1	7	25	10	29	20	161	1
0.25	1	12	26	1	82	20	161	0
0.25	1	1	26	1	87	20	161	0
0.25	1	9	26	1	39	20	161	1
0.25	1	2	26	1	50	20	161	1
0.251	1	6	26	2	91	20	161	0
0.251	1	13	26	2	94	20	161	0
0.251	1	11	26	2	58	20	161	1
0.251	1	10	26	2	63	20	161	1
0.252	1	3	26	3	96	20	161	0
0.252	1	14	26	3	1	20	161	0
0.252	1	8	26	3	71	20	161	1
0.252	1	4	26	3	78	20	161	1
0.253	1	15	26	4	12	20	161	0
0.253	1	5	26	4	20	20	161	0
0.253	1	12	26	4	82	20	161	1
0.253	1	1	26	4	87	20	161	1
0.254	1	7	26	5	29	20	161	0
0.254	1	9	26	5	39	20	161	0
0.254	1	6	26	5	91	20	161	1
0.254	1	13	26	5	94	20	161	1
0.255	1	2	26	6	50	20	161	0
0.255	1	11	26	6	58	20	161	0
0.255	1	3	26	6	96	20	161	1
0.255	1	14	26	6	1	20	161	1
0.256	1	10	26	7	63	20	161	0
0.256	1	8	26	7	71	20	161	0
0.256	1	15	26	7	12	20	161	1
0.256	1	5	26	7	20	20	161	1
0.257	1	4	26	8	78	20	161	0
0.257	1	12	26	8	82	20	161	0
0.257	1	7	26	8	29	20	161	1
0.257	1	9	26	8	39	20	161	1
0.258	1	1	26	9	87	20	161	0
0.258	1	6	26	9	91	20	161	0
0.258	1	2	26	9	50	20	161	1
0.258	1	11	26	9	58	20	161	1
0.259	1	13	26	10	94	20	161	0
0.259	1	3	26	10	96	20	161	0
0.259	1	10	26	10	63	20	161	1
0.259	1	8	26	10	71	20	161	1
0.26	1	14	27	1	1	20	161	0
0.26	1	15	27	1	12	20	161	0
0.26	1	4	27	1	78	20	161	1
0.26	1	12	27	1	82	20	161	1
0.261	1	5	27	2	20	20	161	0
0.261	1	7	27	2	29	20	161	0
0.261	1	1	27	2	87	20	161	1
0.261	1	6	27	2	91	20	161	1
0.262	1	9	27	3	39	20	161	0
0.262	1	2	27	3	50	20	161	0
0.262	1	13	27	3	94	20	161	1
0.262	1	3	27	3	96	20	161	1
0.263	1	11	27	4	58	20	161	0
0.263	1	10	27	4	63	20	161	0
0.263	1	14	27	4	1	20	161	1
0.263	1	15	27	4	12	20	161	1
0.264	1	8	27	5	71	20	161	0
0.264	1	4	27	5	78	20	161	0
0.264	1	5	27	5	20	20	161	1
0.264	1	7	27	5	29	20	161	1
0.265	1	12	27	6	82	20	161	0
0.265	1	1	27	6	87	20	161	0
0.265	1	9	27	6	39	20	161	1
0.265	1	2	27	6	50	20	161	1
0.266	1	6	27	7	91	20	161	0
0.266	1	13	27	7	94	20	161	0
0.266	1	11	27	7	58	20	161	1
0.266	1	10	27	7	63	20	161	1
0.267	1	3	27	8	96	20	161	0
0.267	1	14	27	8	1	20	161	0
0.267	1	8	27	8	71	20	161	1
0.267	1	4	27	8	78	20	161	1
0.268	1	15	27	9	12	20	161	0
0.268	1	5	27	9	20	20	161	0
0.268	1	12	27	9	82	20	161	1
0.268	1	1	27	9	87	20	161	1
0.269	1	7	27	10	29	20	161	0
0.269	1	9	27	10	39	20	161	0
0.269	1	6	27	10	91	20	161	1
0.269	1	13	27	10	94	20	161	1
0.27	1	2	28	1	50	20	161	0
0.27	1	11	28	1	58	20	161	0
0.27	1	3	28	1	96	20	161	1
0.27	1	14	28	1	1	20	161	1
0.271	1	10	28	2	63	20	161	0
0.271	1	8	28	2	71	20	161	0
0.271	1	15	28	2	12	20	161	1
0.271	1	5	28	2	20	20	161	1
0.272	1	4	28	3	78	20	161	0
0.272	1	12	28	3	82	20	161	0
0.272	1	7	28	3	29	20	161	1
0.272	1	9	28	3	39	20	161	1
0.273	1	1	28	4	87	20	161	0
0.273	1	6	28	4	91	20	161	0
0.273	1	2	28	4	50	20	161	1
0.273	1	11	28	4	58	20	161	1
0.274	1	13	28	5	94	20	161	0
0.274	1	3	28	5	96	20	161	0
0.274	1	10	28	5	63	20	161	1
0.274	1	8	28	5	71	20	161	1
0.275	1	14	28	6	1	20	161	0
0.275	1	15	28	6	12	20	161	0
0.275	1	4	28	6	78	20	161	1
0.275	1	12	28	6	82	20	161	1
0.276	1	5	28	7	20	20	161	0
0.276	1	7	28	7	29	20	161	0
0.276	1	1	28	7	87	20	161	1
0.276	1	6	28	7	91	20	161	1
0.277	1	9	28	8	39	20	161	0
0.277	1	2	28	8	50	20	161	0
0.277	1	13	28	8	94	20	161	1
0.277	1	3	28	8	96	20	161	1
0.278	1	11	28	9	58	20	161	0
0.278	1	10	28	9	63	20	161	0
0.278	1	14	28	9	1	20	161	1
0.278	1	15	28	9	12	20	161	1
0.279	1	8	28	10	71	20	161	0
0.279	1	4	28	10	78	20	161	0
0.279	1	5	28	10	20	20	161	1
0.279	1	7	28	10	29	20	161	1
0.28	1	12	29	1	82	20	161	0
0.28	1	1	29	1	87	20	161	0
0.28	1	9	29	1	39	20	161	1
0.28	1	2	29	1	50	20	161	1
0.281	1	6	29	2	91	20	161	0
0.281	1	13	29	2	94	20	161	0
0.281	1	11	29	2	58	20	161	1
0.281	1	10	29	2	63	20	161	1
0.282	1	3	29	3	96	20	161	0
0.282	1	14	29	3	1	20	161	0
0.282	1	8	29	3	71	20	161	1
0.282	1	4	29	3	78	20	161	1
0.283	1	15	29	4	12	20	161	0
0.283	1	5	29	4	20	20	161	0
0.283	1	12	29	4	82	20	161	1
0.283	1	1	29	4	87	20	161	1
0.284	1	7	29	5	29	20	161	0
0.284	1	9	29	5	39	20	161	0
0.284	1	6	29	5	91	20	161	1
0.284	1	13	29	5	94	20	161	1
0.285	1	2	29	6	50	20	161	0
0.285	1	11	29	6	58	20	161	0
0.285	1	3	29	6	96	20	161	1
0.285	1	14	29	6	1	20	161	1
0.286	1	10	29	7	63	20	161	0
0.286	1	8	29	7	71	20	161	0
0.286	1	15	29	7	12	20	161	1
0.286	1	5	29	7	20	20	161	1
0.287	1	4	29	8	78	20	161	0
0.287	1	12	29	8	82	20	161	0
0.287	1	7	29	8	29	20	161	1
0.287	1	9	29	8	39	20	161	1
0.288	1	1	29	9	87	20	161	0
0.288	1	6	29	9	91	20	161	0
0.288	1	2	29	9	50	20	161	1
0.288	1	11	29	9	58	20	161	1
0.289	1	13	29	10	94	20	161	0
0.289	1	3	29	10	96	20	161	0
0.289	1	10	29	10	63	20	161	1
0.289	1	8	29	10	71	20	161	1
0.29	1	14	30	1	1	20	161	0
0.29	1	15	30	1	12	20	161	0
0.29	1	4	30	1	78	20	161	1
0.29	1	12	30	1	82	20	161	1
0.291	1	5	30	2	20	20	161	0
0.291	1	7	30	2	29	20	161	0
0.291	1	1	30	2	87	20	161	1
0.291	1	6	30	2	91	20	161	1
0.292	1	9	30	3	39	20	161	0
0.292	1	2	30	3	50	20	161	0
0.292	1	13	30	3	94	20	161	1
0.292	1	3	30	3	96	20	161	1
0.293	1	11	30	4	58	20	161	0
0.293	1	10	30	4	63	20	161	0
0.293	1	14	30	4	1	20	161	1
0.293	1	15	30	4	12	20	161	1
0.294	1	8	30	5	71	20	161	0
0.294	1	4	30	5	78	20	161	0
0.294	1	5	30	5	20	20	161	1
0.294	1	7	30	5	29	20	161	1
0.295	1	12	30	6	82	20	161	0
0.295	1	1	30	6	87	20	161	0
0.295	1	9	30	6	39	20	161	1
0.295	1	2	30	6	50	20	161	1
0.296	1	6	30	7	91	20	161	0
0.296	1	13	30	7	94	20	161	0
0.296	1	11	30	7	58	20	161	1
0.296	1	10	30	7	63	20	161	1
0.297	1	3	30	8	96	20	161	0
0.297	1	14	30	8	1	20	161	0
0.297	1	8	30	8	71	20	161	1
0.297	1	4	30	8	78	20	161	1
0.298	1	15	30	9	12	20	161	0
0.298	1	5	30	9	20	20	161	0
0.298	1	12	30	9	82	20	161	1
0.298	1	1	30	9	87	20	161	1
0.299	1	7	30	10	29	20	161	0
0.299	1	9	30	10	39	20	161	0
0.299	1	6	30	10	91	20	161	1
0.299	1	13	30	10	94	20	161	1
0.3	1	2	31	1	50	20	161	0
0.3	1	11	31	1	58	20	161	0
0.3	1	3	31	1	96	20	161	1
0.3	1	14	31	1	1	20	161	1
0.301	1	10	31	2	63	20	161	0
0.301	1	8	31	2	71	20	161	0
0.301	1	15	31	2	12	20	161	1
0.301	1	5	31	2	20	20	161	1
0.302	1	4	31	3	78	20	161	0
0.302	1	12	31	3	82	20	161	0
0.302	1	7	31	3	29	20	161	1
0.302	1	9	31	3	39	20	161	1
0.303	1	1	31	4	87	20	161	0
0.303	1	6	31	4	91	20	161	0
0.303	1	2	31	4	50	20	161	1
0.303	1	11	31	4	58	20	161	1
0.304	1	13	31	5	94	20	161	0
0.304	1	3	31	5	96	20	161	0
0.304	1	10	31	5	63	20	161	1
0.304	1	8	31	5	71	20	161	1
0.305	1	14	31	6	1	20	161	0
0.305	1	15	31	6	12	20	161	0
0.305	1	4	31	6	78	20	161	1
0.305	1	12	31	6	82	20	161	1
0.306	1	5	31	7	20	20	161	0
0.306	1	7	31	7	29	20	161	0
0.306	1	1	31	7	87	20	161	1
0.306	1	6	31	7	91	20	161	1
0.307	1	9	31	8	39	20	161	0
0.307	1	2	31	8	50	20	161	0
0.307	1	13	31	8	94	20	161	1
0.307	1	3	31	8	96	20	161	1
0.308	1	11	31	9	58	20	161	0
0.308	1	10	31	9	63	20	161	0
0.308	1	14	31	9	1	20	161	1
0.308	1	15	31	9	12	20	161	1
0.309	1	8	31	10	71	20	161	0
0.309	1	4	31	10	78	20	161	0
0.309	1	5	31	10	20	20	161	1
0.309	1	7	31	10	29	20	161	1
0.31	1	12	32	1	82	20	161	0
0.31	1	1	32	1	87	20	161	0
0.31	1	9	32	1	39	20	161	1
0.31	1	2	32	1	50	20	161	1
0.311	1	6	32	2	91	20	161	0
0.311	1	13	32	2	94	20	161	0
0.311	1	11	32	2	58	20	161	1
0.311	1	10	32	2	63	20	161	1
0.312	1	3	32	3	96	20	161	0
0.312	1	14	32	3	1	20	161	0
0.312	1	8	32	3	71	20	161	1
0.312	1	4	32	3	78	20	161	1
0.313	1	15	32	4	12	20	161	0
0.313	1	5	32	4	20	20	161	0
0.313	1	12	32	4	82	20	161	1
0.313	1	1	32	4	87	20	161	1
0.314	1	7	32	5	29	20	161	0
0.314	1	9	32	5	39	20	161	0
0.314	1	6	32	5	91	20	161	1
0.314	1	13	32	5	94	20	161	1
0.315	1	2	32	6	50	20	161	0
0.315	1	11	32	6	58	20	161	0
0.315	1	3	32	6	96	20	161	1
0.315	1	14	32	6	1	20	161	1
0.316	1	10	32	7	63	20	161	0
0.316	1	8	32	7	71	20	161	0
0.316	1	15	32	7	12	20	161	1
0.316	1	5	32	7	20	20	161	1
0.317	1	4	32	8	78	20	161	0
0.317	1	12	32	8	82	20	161	0
0.317	1	7	32	8	29	20	161	1
0.317	1	9	32	8	39	20	161	1
0.318	1	1	32	9	87	20	161	0
0.318	1	6	32	9	91	20	161	0
0.318	1	2	32	9	50	20	161	1
0.318	1	11	32	9	58	20	161	1
0.319	1	13	32	10	94	20	161	0
0.319	1	3	32	10	96	20	161	0
0.319	1	10	32	10	63	20	161	1
0.319	1	8	32	10	71	20	161	1
0.32	1	14	33	1	1	20	161	0
0.32	1	15	33	1	12	20	161	0
0.32	1	4	33	1	78	20	161	1
0.32	1	12	33	1	82	20	161	1
0.321	1	5	33	2	20	20	161	0
0.321	1	7	33	2	29	20	161	0
0.321	1	1	33	2	87	20	161	1
0.321	1	6	33	2	91	20	161	1
0.322	1	9	33	3	39	20	161	0
0.322	1	2	33	3	50	20	161	0
0.322	1	13	33	3	94	20	161	1
0.322	1	3	33	3	96	20	161	1
0.323	1	11	33	4	58	20	161	0
0.323	1	10	33	4	63	20	161	0
0.323	1	14	33	4	1	20	161	1
0.323	1	15	33	4	12	20	161	1
0.324	1	8	33	5	71	20	161	0
0.324	1	4	33	5	78	20	161	0
0.324	1	5	33	5	20	20	161	1
0.324	1	7	33	5	29	20	161	1
0.325	1	12	33	6	82	20	161	0
0.325	1	1	33	6	87	20	161	0
0.325	1	9	33	6	39	20	161	1
0.325	1	2	33	6	50	20	161	1
0.326	1	6	33	7	91	20	161	0
0.326	1	13	33	7	94	20	161	0
0.326	1	11	33	7	58	20	161	1
0.326	1	10	33	7	63	20	161	1
0.327	1	3	33	8	96	20	161	0
0.327	1	14	33	8	1	20	161	0
0.327	1	8	33	8	71	20	161	1
0.327	1	4	33	8	78	20	161	1
0.328	1	15	33	9	12	20	161	0
0.328	1	5	33	9	20	20	161	0
0.328	1	12	33	9	82	20	161	1
0.328	1	1	33	9	87	20	161	1
0.329	1	7	33	10	29	20	161	0
0.329	1	9	33	10	39	20	161	0
0.329	1	6	33	10	91	20	161	1
0.329	1	13	33	10	94	20	161	1
0.33	1	2	34	1	50	20	161	0
0.33	1	11	34	1	58	20	161	0
0.33	1	3	34	1	96	20	161	1
0.33	1	14	34	1	1	20	161	1
0.331	1	10	34	2	63	20	161	0
0.331	1	8	34	2	71	20	161	0
0.331	1	15	34	2	12	20	161	1
0.331	1	5	34	2	20	20	161	1
0.332	1	4	34	3	78	20	161	0
0.332	1	12	34	3	82	20	161	0
0.332	1	7	34	3	29	20	161	1
0.332	1	9	34	3	39	20	161	1
0.333	1	1	34	4	87	20	161	0
0.333	1	6	34	4	91	20	161	0
0.333	1	2	34	4	50	20	161	1
0.333	1	11	34	4	58	20	161	1
0.334	1	13	34	5	94	20	161	0
0.334	1	3	34	5	96	20	161	0
0.334	1	10	34	5	63	20	161	1
0.334	1	8	34	5	71	20	161	1
0.335	1	14	34	6	1	20	161	0
0.335	1	15	34	6	12	20	161	0
0.335	1	4	34	6	78	20	161	1
0.335	1	12	34	6	82	20	161	1
0.336	1	5	34	7	20	20	161	0
0.336	1	7	34	7	29	20	161	0
0.336	1	1	34	7	87	20	161	1
0.336	1	6	34	7	91	20	161	1
0.337	1	9	34	8	39	20	161	0
0.337	1	2	34	8	50	20	161	0
0.337	1	13	34	8	94	20	161	1
0.337	1	3	34	8	96	20	161	1
0.338	1	11	34	9	58	20	161	0
0.338	1	10	34	9	63	20	161	0
0.338	1	14	34	9	1	20	161	1
0.338	1	15	34	9	12	20	161	1
0.339	1	8	34	10	71	20	161	0
0.339	1	4	34	10	78	20	161	0
0.339	1	5	34	10	20	20	161	1
0.339	1	7	34	10	29	20	161	1
0.34	1	12	35	1	82	20	161	0
0.34	1	1	35	1	87	20	161	0
0.34	1	9	35	1	39	20	161	1
0.34	1	2	35	1	50	20	161	1
0.341	1	6	35	2	91	20	161	0
0.341	1	13	35	2	94	20	161	0
0.341	1	11	35	2	58	20	161	1
0.341	1	10	35	2	63	20	161	1
0.342	1	3	35	3	96	20	161	0
0.342	1	14	35	3	1	20	161	0
0.342	1	8	35	3	71	20	161	1
0.342	1	4	35	3	78	20	161	1
0.343	1	15	35	4	12	20	161	0
0.343	1	5	35	4	20	20	161	0
0.343	1	12	35	4	82	20	161	1
0.343	1	1	35	4	87	20	161	1
0.344	1	7	35	5	29	20	161	0
0.344	1	9	35	5	39	20	161	0
0.344	1	6	35	5	91	20	161	1
0.344	1	13	35	5	94	20	161	1
0.345	1	2	35	6	50	20	161	0
0.345	1	11	35	6	58	20	161	0
0.345	1	3	35	6	96	20	161	1
0.345	1	14	35	6	1	20	161	1
0.346	1	10	35	7	63	20	161	0
0.346	1	8	35	7	71	20	161	0
0.346	1	15	35	7	12	20	161	1
0.346	1	5	35	7	20	20	161	1
0.347	1	4	35	8	78	20	161	0
0.347	1	12	35	8	82	20	161	0
0.347	1	7	35	8	29	20	161	1
0.347	1	9	35	8	39	20	161	1
0.348	1	1	35	9	87	20	161	0
0.348	1	6	35	9	91	20	161	0
0.348	1	2	35	9	50	20	161	1
0.348	1	11	35	9	58	20	161	1
0.349	1	13	35	10	94	20	161	0
0.349	1	3	35	10	96	20	161	0
0.349	1	10	35	10	63	20	161	1
0.349	1	8	35	10	71	20	161	1
0.35	1	14	36	1	1	20	161	0
0.35	1	15	36	1	12	20	161	0
0.35	1	4	36	1	78	20	161	1
0.35	1	12	36	1	82	20	161	1
0.351	1	5	36	2	20	20	161	0
0.351	1	7	36	2	29	20	161	0
0.351	1	1	36	2	87	20	161	1
0.351	1	6	36	2	91	20	161	1
0.352	1	9	36	3	39	20	161	0
0.352	1	2	36	3	50	20	161	0
0.352	1	13	36	3	94	20	161	1
0.352	1	3	36	3	96	20	161	1
0.353	1	11	36	4	58	20	161	0
0.353	1	10	36	4	63	20	161	0
0.353	1	14	36	4	1	20	161	1
0.353	1	15	36	4	12	20	161	1
0.354	1	8	36	5	71	20	161	0
0.354	1	4	36	5	78	20	161	0
0.354	1	5	36	5	20	20	161	1
0.354	1	7	36	5	29	20	161	1
0.355	1	12	36	6	82	20	161	0
0.355	1	1	36	6	87	20	161	0
0.355	1	9	36	6	39	20	161	1
0.355	1	2	36	6	50	20	161	1
0.356	1	6	36	7	91	20	161	0
0.356	1	13	36	7	94	20	161	0
0.356	1	11	36	7	58	20	161	1
0.356	1	10	36	7	63	20	161	1
0.357	1	3	36	8	96	20	161	0
0.357	1	14	36	8	1	20	161	0
0.357	1	8	36	8	71	20	161	1
0.357	1	4	36	8	78	20	161	1
0.358	1	15	36	9	12	20	161	0
0.358	1	5	36	9	20	20	161	0
0.358	1	12	36	9	82	20	161	1
0.358	1	1	36	9	87	20	161	1
0.359	1	7	36	10	29	20	161	0
0.359	1	9	36	10	39	20	161	0
0.359	1	6	36	10	91	20	161	1
0.359	1	13	36	10	94	20	161	1
0.36	1	2	37	1	50	20	161	0
0.36	1	11	37	1	58	20	161	0
0.36	1	3	37	1	96	20	161	1
0.36	1	14	37	1	1	20	161	1
0.361	1	10	37	2	63	20	161	0
0.361	1	8	37	2	71	20	161	0
0.361	1	15	37	2	12	20	161	1
0.361	1	5	37	2	20	20	161	1
0.362	1	4	37	3	78	20	161	0
0.362	1	12	37	3	82	20	161	0
0.362	1	7	37	3	29	20	161	1
0.362	1	9	37	3	39	20	161	1
0.363	1	1	37	4	87	20	161	0
0.363	1	6	37	4	91	20	161	0
0.363	1	2	37	4	50	20	161	1
0.363	1	11	37	4	58	20	161	1
0.364	1	13	37	5	94	20	161	0
0.364	1	3	37	5	96	20	161	0
0.364	1	10	37	5	63	20	161	1
0.364	1	8	37	5	71	20	161	1
0.365	1	14	37	6	1	20	161	0
0.365	1	15	37	6	12	20	161	0
0.365	1	4	37	6	78	20	161	1
0.365	1	12	37	6	82	20	161	1
0.366	1	5	37	7	20	20	161	0
0.366	1	7	37	7	29	20	161	0
0.366	1	1	37	7	87	20	161	1
0.366	1	6	37	7	91	20	161	1
0.367	1	9	37	8	39	20	161	0
0.367	1	2	37	8	50	20	161	0
0.367	1	13	37	8	94	20	161	1
0.367	1	3	37	8	96	20	161	1
0.368	1	11	37	9	58	20	161	0
0.368	1	10	37	9	63	20	161	0
0.368	1	14	37	9	1	20	161	1
0.368	1	15	37	9	12	20	161	1
0.369	1	8	37	10	71	20	161	0
0.369	1	4	37	10	78	20	161	0
0.369	1	5	37	10	20	20	161	1
0.369	1	7	37	10	29	20	161	1
0.37	1	12	38	1	82	20	161	0
0.37	1	1	38	1	87	20	161	0
0.37	1	9	38	1	39	20	161	1
0.37	1	2	38	1	50	20	161	1
0.371	1	6	38	2	91	20	161	0
0.371	1	13	38	2	94	20	161	0
0.371	1	11	38	2	58	20	161	1
0.371	1	10	38	2	63	20	161	1
0.372	1	3	38	3	96	20	161	0
0.372	1	14	38	3	1	20	161	0
0.372	1	8	38	3	71	20	161	1
0.372	1	4	38	3	78	20	161	1
0.373	1	15	38	4	12	20	161	0
0.373	1	5	38	4	20	20	161	0
0.373	1	12	38	4	82	20	161	1
0.373	1	1	38	4	87	20	161	1
0.374	1	7	38	5	29	20	161	0
0.374	1	9	38	5	39	20	161	0
0.374	1	6	38	5	91	20	161	1
0.374	1	13	38	5	94	20	161	1
0.375	1	2	38	6	50	20	161	0
0.375	1	11	38	6	58	20	161	0
0.375	1	3	38	6	96	20	161	1
0.375	1	14	38	6	1	20	161	1
0.376	1	10	38	7	63	20	161	0
0.376	1	8	38	7	71	20	161	0
0.376	1	15	38	7	12	20	161	1
0.376	1	5	38	7	20	20	161	1
0.377	1	4	38	8	78	20	161	0
0.377	1	12	38	8	82	20	161	0
0.377	1	7	38	8	29	20	161	1
0.377	1	9	38	8	39	20	161	1
0.378	1	1	38	9	87	20	161	0
0.378	1	6	38	9	91	20	161	0
0.378	1	2	38	9	50	20	161	1
0.378	1	11	38	9	58	20	161	1
0.379	1	13	38	10	94	20	161	0
0.379	1	3	38	10	96	20	161	0
0.379	1	10	38	10	63	20	161	1
0.379	1	8	38	10	71	20	161	1
0.38	1	14	39	1	1	20	161	0
0.38	1	15	39	1	12	20	161	0
0.38	1	4	39	1	78	20	161	1
0.38	1	12	39	1	82	20	161	1
0.381	1	5	39	2	20	20	161	0
0.381	1	7	39	2	29	20	161	0
0.381	1	1	39	2	87	20	161	1
0.381	1	6	39	2	91	20	161	1
0.382	1	9	39	3	39	20	161	0
0.382	1	2	39	3	50	20	161	0
0.382	1	13	39	3	94	20	161	1
0.382	1	3	39	3	96	20	161	1
0.383	1	11	39	4	58	20	161	0
0.383	1	10	39	4	63	20	161	0
0.383	1	14	39	4	1	20	161	1
0.383	1	15	39	4	12	20	161	1
0.384	1	8	39	5	71	20	161	0
0.384	1	4	39	5	78	20	161	0
0.384	1	5	39	5	20	20	161	1
0.384	1	7	39	5	29	20	161	1
0.385	1	12	39	6	82	20	161	0
0.385	1	1	39	6	87	20	161	0
0.385	1	9	39	6	39	20	161	1
0.385	1	2	39	6	50	20	161	1
0.386	1	6	39	7	91	20	161	0
0.386	1	13	39	7	94	20	161	0
0.386	1	11	39	7	58	20	161	1
0.386	1	10	39	7	63	20	161	1
0.387	1	3	39	8	96	20	161	0
0.387	1	14	39	8	1	20	161	0
0.387	1	8	39	8	71	20	161	1
0.387	1	4	39	8	78	20	161	1
0.388	1	15	39	9	12	20	161	0
0.388	1	5	39	9	20	20	161	0
0.388	1	12	39	9	82	20	161	1
0.388	1	1	39	9	87	20	161	1
0.389	1	7	39	10	29	20	161	0
0.389	1	9	39	10	39	20	161	0
0.389	1	6	39	10	91	20	161	1
0.389	1	13	39	10	94	20	161	1
0.39	1	2	40	1	50	20	161	0
0.39	1	11	40	1	58	20	161	0
0.39	1	3	40	1	96	20	161	1
0.39	1	14	40	1	1	20	161	1
0.391	1	10	40	2	63	20	161	0
0.391	1	8	40	2	71	20	161	0
0.391	1	15	40	2	12	20	161	1
0.391	1	5	40	2	20	20	161	1
0.392	1	4	40	3	78	20	161	0
0.392	1	12	40	3	82	20	161	0
0.392	1	7	40	3	29	20	161	1
0.392	1	9	40	3	39	20	161	1
0.393	1	1	40	4	87	20	161	0
0.393	1	6	40	4	91	20	161	0
0.393	1	2	40	4	50	20	161	1
0.393	1	11	40	4	58	20	161	1
0.394	1	13	40	5	94	20	161	0
0.394	1	3	40	5	96	20	161	0
0.394	1	10	40	5	63	20	161	1
0.394	1	8	40	5	71	20	161	1
0.395	1	14	40	6	1	20	161	0
0.395	1	15	40	6	12	20	161	0
0.395	1	4	40	6	78	20	161	1
0.395	1	12	40	6	82	20	161	1
0.396	1	5	40	7	20	20	161	0
0.396	1	7	40	7	29	20	161	0
0.396	1	1	40	7	87	20	161	1
0.396	1	6	40	7	91	20	161	1
0.397	1	9	40	8	39	20	161	0
0.397	1	2	40	8	50	20	161	0
0.397	1	13	40	8	94	20	161	1
0.397	1	3	40	8	96	20	161	1
0.398	1	11	40	9	58	20	161	0
0.398	1	10	40	9	63	20	161	0
0.398	1	14	40	9	1	20	161	1
0.398	1	15	40	9	12	20	161	1
0.399	1	8	40	10	71	20	161	0
0.399	1	4	40	10	78	20	161	0
0.399	1	5	40	10	20	20	161	1
0.399	1	7	40	10	29	20	161	1
0.4	1	12	41	1	82	20	161	0
0.4	1	1	41	1	87	20	161	0
0.4	1	9	41	1	39	20	161	1
0.4	1	2	41	1	50	20	161	1
0.401	1	6	41	2	91	20	161	0
0.401	1	13	41	2	94	20	161	0
0.401	1	11	41	2	58	20	161	1
0.401	1	10	41	2	63	20	161	1
0.402	1	3	41	3	96	20	161	0
0.402	1	14	41	3	1	20	161	0
0.402	1	8	41	3	71	20	161	1
0.402	1	4	41	3	78	20	161	1
0.403	1	15	41	4	12	20	161	0
0.403	1	5	41	4	20	20	161	0
0.403	1	12	41	4	82	20	161	1
0.403	1	1	41	4	87	20	161	1
0.404	1	7	41	5	29	20	161	0
0.404	1	9	41	5	39	20	161	0
0.404	1	6	41	5	91	20	161	1
0.404	1	13	41	5	94	20	161	1
0.405	1	2	41	6	50	20	161	0
0.405	1	11	41	6	58	20	161	0
0.405	1	3	41	6	96	20	161	1
0.405	1	14	41	6	1	20	161	1
0.406	1	10	41	7	63	20	161	0
0.406	1	8	41	7	71	20	161	0
0.406	1	15	41	7	12	20	161	1
0.406	1	5	41	7	20	20	161	1
0.407	1	4	41	8	78	20	161	0
0.407	1	12	41	8	82	20	161	0
0.407	1	7	41	8	29	20	161	1
0.407	1	9	41	8	39	20	161	1
0.408	1	1	41	9	87	20	161	0
0.408	1	6	41	9	91	20	161	0
0.408	1	2	41	9	50	20	161	1
0.408	1	11	41	9	58	20	161	1
0.409	1	13	41	10	94	20	161	0
0.409	1	3	41	10	96	20	161	0
0.409	1	10	41	10	63	20	161	1
0.409	1	8	41	10	71	20	161	1
0.41	1	14	42	1	1	20	161	0
0.41	1	15	42	1	12	20	161	0
0.41	1	4	42	1	78	20	161	1
0.41	1	12	42	1	82	20	161	1
0.411	1	5	42	2	20	20	161	0
0.411	1	7	42	2	29	20	161	0
0.411	1	1	42	2	87	20	161	1
0.411	1	6	42	2	91	20	161	1
0.412	1	9	42	3	39	20	161	0
0.412	1	2	42	3	50	20	161	0
0.412	1	13	42	3	94	20	161	1
0.412	1	3	42	3	96	20	161	1
0.413	1	11	42	4	58	20	161	0
0.413	1	10	42	4	63	20	161	0
0.413	1	14	42	4	1	20	161	1
0.413	1	15	42	4	12	20	161	1
0.414	1	8	42	5	71	20	161	0
0.414	1	4	42	5	78	20	161	0
0.414	1	5	42	5	20	20	161	1
0.414	1	7	42	5	29	20	161	1
0.415	1	12	42	6	82	20	161	0
0.415	1	1	42	6	87	20	161	0
0.415	1	9	42	6	39	20	161	1
0.415	1	2	42	6	50	20	161	1
0.416	1	6	42	7	91	20	161	0
0.416	1	13	42	7	94	20	161	0
0.416	1	11	42	7	58	20	161	1
0.416	1	10	42	7	63	20	161	1
0.417	1	3	42	8	96	20	161	0
0.417	1	14	42	8	1	20	161	0
0.417	1	8	42	8	71	20	161	1
0.417	1	4	42	8	78	20	161	1
0.418	1	15	42	9	12	20	161	0
0.418	1	5	42	9	20	20	161	0
0.418	1	12	42	9	82	20	161	1
0.418	1	1	42	9	87	20	161	1
0.419	1	7	42	10	29	20	161	0
0.419	1	9	42	10	39	20	161	0
0.419	1	6	42	10	91	20	161	1
0.419	1	13	42	10	94	20	161	1
0.42	1	2	43	1	50	20	161	0
0.42	1	11	43	1	58	20	161	0
0.42	1	3	43	1	96	20	161	1
0.42	1	14	43	1	1	20	161	1
0.421	1	10	43	2	63	20	161	0
0.421	1	8	43	2	71	20	161	0
0.421	1	15	43	2	12	20	161	1
0.421	1	5	43	2	20	20	161	1
0.422	1	4	43	3	78	20	161	0
0.422	1	12	43	3	82	20	161	0
0.422	1	7	43	3	29	20	161	1
0.422	1	9	43	3	39	20	161	1
0.423	1	1	43	4	87	20	161	0
0.423	1	6	43	4	91	20	161	0
0.423	1	2	43	4	50	20	161	1
0.423	1	11	43	4	58	20	161	1
0.424	1	13	43	5	94	20	161	0
0.424	1	3	43	5	96	20	161	0
0.424	1	10	43	5	63	20	161	1
0.424	1	8	43	5	71	20	161	1
0.425	1	14	43	6	1	20	161	0
0.425	1	15	43	6	12	20	161	0
0.425	1	4	43	6	78	20	161	1
0.425	1	12	43	6	82	20	161	1
0.426	1	5	43	7	20	20	161	0
0.426	1	7	43	7	29	20	161	0
0.426	1	1	43	7	87	20	161	1
0.426	1	6	43	7	91	20	161	1
0.427	1	9	43	8	39	20	161	0
0.427	1	2	43	8	50	20	161	0
0.427	1	13	43	8	94	20	161	1
0.427	1	3	43	8	96	20	161	1
0.428	1	11	43	9	58	20	161	0
0.428	1	10	43	9	63	20	161	0
0.428	1	14	43	9	1	20	161	1
0.428	1	15	43	9	12	20	161	1
0.429	1	8	43	10	71	20	161	0
0.429	1	4	43	10	78	20	161	0
0.429	1	5	43	10	20	20	161	1
0.429	1	7	43	10	29	20	161	1
0.43	1	12	44	1	82	20	161	0
0.43	1	1	44	1	87	20	161	0
0.43	1	9	44	1	39	20	161	1
0.43	1	2	44	1	50	20	161	1
0.431	1	6	44	2	91	20	161	0
0.431	1	13	44	2	94	20	161	0
0.431	1	11	44	2	58	20	161	1
0.431	1	10	44	2	63	20	161	1
0.432	1	3	44	3	96	20	161	0
0.432	1	14	44	3	1	20	161	0
0.432	1	8	44	3	71	20	161	1
0.432	1	4	44	3	78	20	161	1
0.433	1	15	44	4	12	20	161	0
0.433	1	5	44	4	20	20	161	0
0.433	1	12	44	4	82	20	161	1
0.433	1	1	44	4	87	20	161	1
0.434	1	7	44	5	29	20	161	0
0.434	1	9	44	5	39	20	161	0
0.434	1	6	44	5	91	20	161	1
0.434	1	13	44	5	94	20	161	1
0.435	1	2	44	6	50	20	161	0
0.435	1	11	44	6	58	20	161	0
0.435	1	3	44	6	96	20	161	1
0.435	1	14	44	6	1	20	161	1
0.436	1	10	44	7	63	20	161	0
0.436	1	8	44	7	71	20	161	0
0.436	1	15	44	7	12	20	161	1
0.436	1	5	44	7	20	20	161	1
0.437	1	4	44	8	78	20	161	0
0.437	1	12	44	8	82	20	161	0
0.437	1	7	44	8	29	20	161	1
0.437	1	9	44	8	39	20	161	1
0.438	1	1	44	9	87	20	161	0
0.438	1	6	44	9	91	20	161	0
0.438	1	2	44	9	50	20	161	1
0.438	1	11	44	9	58	20	161	1
0.439	1	13	44	10	94	20	161	0
0.439	1	3	44	10	96	20	161	0
0.439	1	10	44	10	63	20	161	1
0.439	1	8	44	10	71	20	161	1
0.44	1	14	45	1	1	20	161	0
0.44	1	15	45	1	12	20	161	0
0.44	1	4	45	1	78	20	161	1
0.44	1	12	45	1	82	20	161	1
0.441	1	5	45	2	20	20	161	0
0.441	1	7	45	2	29	20	161	0
0.441	1	1	45	2	87	20	161	1
0.441	1	6	45	2	91	20	161	1
0.442	1	9	45	3	39	20	161	0
0.442	1	2	45	3	50	20	161	0
0.442	1	13	45	3	94	20	161	1
0.442	1	3	45	3	96	20	161	1
0.443	1	11	45	4	58	20	161	0
0.443	1	10	45	4	63	20	161	0
0.443	1	14	45	4	1	20	161	1
0.443	1	15	45	4	12	20	161	1
0.444	1	8	45	5	71	20	161	0
0.444	1	4	45	5	78	20	161	0
0.444	1	5	45	5	20	20	161	1
0.444	1	7	45	5	29	20	161	1
0.445	1	12	45	6	82	20	161	0
0.445	1	1	45	6	87	20	161	0
0.445	1	9	45	6	39	20	161	1
0.445	1	2	45	6	50	20	161	1
0.446	1	6	45	7	91	20	161	0
0.446	1	13	45	7	94	20	161	0
0.446	1	11	45	7	58	20	161	1
0.446	1	10	45	7	63	20	161	1
0.447	1	3	45	8	96	20	161	0
0.447	1	14	45	8	1	20	161	0
0.447	1	8	45	8	71	20	161	1
0.447	1	4	45	8	78	20	161	1
0.448	1	15	45	9	12	20	161	0
0.448	1	5	45	9	20	20	161	0
0.448	1	12	45	9	82	20	161	1
0.448	1	1	45	9	87	20	161	1
0.449	1	7	45	10	29	20	161	0
0.449	1	9	45	10	39	20	161	0
0.449	1	6	45	10	91	20	161	1
0.449	1	13	45	10	94	20	161	1
0.45	1	2	46	1	50	20	161	0
0.45	1	11	46	1	58	20	161	0
0.45	1	3	46	1	96	20	161	1
0.45	1	14	46	1	1	20	161	1
0.451	1	10	46	2	63	20	161	0
0.451	1	8	46	2	71	20	161	0
0.451	1	15	46	2	12	20	161	1
0.451	1	5	46	2	20	20	161	1
0.452	1	4	46	3	78	20	161	0
0.452	1	12	46	3	82	20	161	0
0.452	1	7	46	3	29	20	161	1
0.452	1	9	46	3	39	20	161	1
0.453	1	1	46	4	87	20	161	0
0.453	1	6	46	4	91	20	161	0
0.453	1	2	46	4	50	20	161	1
0.453	1	11	46	4	58	20	161	1
0.454	1	13	46	5	94	20	161	0
0.454	1	3	46	5	96	20	161	0
0.454	1	10	46	5	63	20	161	1
0.454	1	8	46	5	71	20	161	1
0.455	1	14	46	6	1	20	161	0
0.455	1	15	46	6	12	20	161	0
0.455	1	4	46	6	78	20	161	1
0.455	1	12	46	6	82	20	161	1
0.456	1	5	46	7	20	20	161	0
0.456	1	7	46	7	29	20	161	0
0.456	1	1	46	7	87	20	161	1
0.456	1	6	46	7	91	20	161	1
0.457	1	9	46	8	39	20	161	0
0.457	1	2	46	8	50	20	161	0
0.457	1	13	46	8	94	20	161	1
0.457	1	3	46	8	96	20	161	1
0.458	1	11	46	9	58	20	161	0
0.458	1	10	46	9	63	20	161	0
0.458	1	14	46	9	1	20	161	1
0.458	1	15	46	9	12	20	161	1
0.459	1	8	46	10	71	20	161	0
0.459	1	4	46	10	78	20	161	0
0.459	1	5	46	10	20	20	161	1
0.459	1	7	46	10	29	20	161	1
0.46	1	12	47	1	82	20	161	0
0.46	1	1	47	1	87	20	161	0
0.46	1	9	47	1	39	20	161	1
0.46	1	2	47	1	50	20	161	1
0.461	1	6	47	2	91	20	161	0
0.461	1	13	47	2	94	20	161	0
0.461	1	11	47	2	58	20	161	1
0.461	1	10	47	2	63	20	161	1
0.462	1	3	47	3	96	20	161	0
0.462	1	14	47	3	1	20	161	0
0.462	1	8	47	3	71	20	161	1
0.462	1	4	47	3	78	20	161	1
0.463	1	15	47	4	12	20	161	0
0.463	1	5	47	4	20	20	161	0
0.463	1	12	47	4	82	20	161	1
0.463	1	1	47	4	87	20	161	1
0.464	1	7	47	5	29	20	161	0
0.464	1	9	47	5	39	20	161	0
0.464	1	6	47	5	91	20	161	1
0.464	1	13	47	5	94	20	161	1
0.465	1	2	47	6	50	20	161	0
0.465	1	11	47	6	58	20	161	0
0.465	1	3	47	6	96	20	161	1
0.465	1	14	47	6	1	20	161	1
0.466	1	10	47	7	63	20	161	0
0.466	1	8	47	7	71	20	161	0
0.466	1	15	47	7	12	20	161	1
0.466	1	5	47	7	20	20	161	1
0.467	1	4	47	8	78	20	161	0
0.467	1	12	47	8	82	20	161	0
0.467	1	7	47	8	29	20	161	1
0.467	1	9	47	8	39	20	161	1
0.468	1	1	47	9	87	20	161	0
0.468	1	6	47	9	91	20	161	0
0.468	1	2	47	9	50	20	161	1
0.468	1	11	47	9	58	20	161	1
0.469	1	13	47	10	94	20	161	0
0.469	1	3	47	10	96	20	161	0
0.469	1	10	47	10	63	20	161	1
0.469	1	8	47	10	71	20	161	1
0.47	1	14	48	1	1	20	161	0
0.47	1	15	48	1	12	20	161	0
0.47	1	4	48	1	78	20	161	1
0.47	1	12	48	1	82	20	161	1
0.471	1	5	48	2	20	20	161	0
0.471	1	7	48	2	29	20	161	0
0.471	1	1	48	2	87	20	161	1
0.471	1	6	48	2	91	20	161	1
0.472	1	9	48	3	39	20	161	0
0.472	1	2	48	3	50	20	161	0
0.472	1	13	48	3	94	20	161	1
0.472	1	3	48	3	96	20	161	1
0.473	1	11	48	4	58	20	161	0
0.473	1	10	48	4	63	20	161	0
0.473	1	14	48	4	1	20	161	1
0.473	1	15	48	4	12	20	161	1
0.474	1	8	48	5	71	20	161	0
0.474	1	4	48	5	78	20	161	0
0.474	1	5	48	5	20	20	161	1
0.474	1	7	48	5	29	20	161	1
0.475	1	12	48	6	82	20	161	0
0.475	1	1	48	6	87	20	161	0
0.475	1	9	48	6	39	20	161	1
0.475	1	2	48	6	50	20	161	1
0.476	1	6	48	7	91	20	161	0
0.476	1	13	48	7	94	20	161	0
0.476	1	11	48	7	58	20	161	1
0.476	1	10	48	7	63	20	161	1
0.477	1	3	48	8	96	20	161	0
0.477	1	14	48	8	1	20	161	0
0.477	1	8	48	8	71	20	161	1
0.477	1	4	48	8	78	20	161	1
0.478	1	15	48	9	12	20	161	0
0.478	1	5	48	9	20	20	161	0
0.478	1	12	48	9	82	20	161	1
0.478	1	1	48	9	87	20	161	1
0.479	1	7	48	10	29	20	161	0
0.479	1	9	48	10	39	20	161	0
0.479	1	6	48	10	91	20	161	1
0.479	1	13	48	10	94	20	161	1
0.48	1	2	49	1	50	20	161	0
0.48	1	11	49	1	58	20	161	0
0.48	1	3	49	1	96	20	161	1
0.48	1	14	49	1	1	20	161	1
0.481	1	10	49	2	63	20	161	0
0.481	1	8	49	2	71	20	161	0
0.481	1	15	49	2	12	20	161	1
0.481	1	5	49	2	20	20	161	1
0.482	1	4	49	3	78	20	161	0
0.482	1	12	49	3	82	20	161	0
0.482	1	7	49	3	29	20	161	1
0.482	1	9	49	3	39	20	161	1
0.483	1	1	49	4	87	20	161	0
0.483	1	6	49	4	91	20	161	0
0.483	1	2	49	4	50	20	161	1
0.483	1	11	49	4	58	20	161	1
0.484	1	13	49	5	94	20	161	0
0.484	1	3	49	5	96	20	161	0
0.484	1	10	49	5	63	20	161	1
0.484	1	8	49	5	71	20	161	1
0.485	1	14	49	6	1	20	161	0
0.485	1	15	49	6	12	20	161	0
0.485	1	4	49	6	78	20	161	1
0.485	1	12	49	6	82	20	161	1
0.486	1	5	49	7	20	20	161	0
0.486	1	7	49	7	29	20	161	0
0.486	1	1	49	7	87	20	161	1
0.486	1	6	49	7	91	20	161	1
0.487	1	9	49	8	39	20	161	0
0.487	1	2	49	8	50	20	161	0
0.487	1	13	49	8	94	20	161	1
0.487	1	3	49	8	96	20	161	1
0.488	1	11	49	9	58	20	161	0
0.488	1	10	49	9	63	20	161	0
0.488	1	14	49	9	1	20	161	1
0.488	1	15	49	9	12	20	161	1
0.489	1	8	49	10	71	20	161	0
0.489	1	4	49	10	78	20	161	0
0.489	1	5	49	10	20	20	161	1
0.489	1	7	49	10	29	20	161	1
0.49	1	12	50	1	82	20	161	0
0.49	1	1	50	1	87	20	161	0
0.49	1	9	50	1	39	20	161	1
0.49	1	2	50	1	50	20	161	1
0.491	1	6	50	2	91	20	161	0
0.491	1	13	50	2	94	20	161	0
0.491	1	11	50	2	58	20	161	1
0.491	1	10	50	2	63	20	161	1
0.492	1	3	50	3	96	20	161	0
0.492	1	14	50	3	1	20	161	0
0.492	1	8	50	3	71	20	161	1
0.492	1	4	50	3	78	20	161	1
0.493	1	15	50	4	12	20	161	0
0.493	1	5	50	4	20	20	161	0
0.493	1	12	50	4	82	20	161	1
0.493	1	1	50	4	87	20	161	1
0.494	1	7	50	5	29	20	161	0
0.494	1	9	50	5	39	20	161	0
0.494	1	6	50	5	91	20	161	1
0.494	1	13	50	5	94	20	161	1
0.495	1	2	50	6	50	20	161	0
0.495	1	11	50	6	58	20	161	0
0.495	1	3	50	6	96	20	161	1
0.495	1	14	50	6	1	20	161	1
0.496	1	10	50	7	63	20	161	0
0.496	1	8	50	7	71	20	161	0
0.496	1	15	50	7	12	20	161	1
0.496	1	5	50	7	20	20	161	1
0.497	1	4	50	8	78	20	161	0
0.497	1	12	50	8	82	20	161	0
0.497	1	7	50	8	29	20	161	1
0.497	1	9	50	8	39	20	161	1
0.498	1	1	50	9	87	20	161	0
0.498	1	6	50	9	91	20	161	0
0.498	1	2	50	9	50	20	161	1
0.498	1	11	50	9	58	20	161	1
0.499	1	13	50	10	94	20	161	0
0.499	1	3	50	10	96	20	161	0
0.499	1	10	50	10	63	20	161	1
0.499	1	8	50	10	71	20	161	1
0.5	1	14	51	1	1	20	161	0
0.5	1	15	51	1	12	20	161	0
0.5	1	4	51	1	78	20	161	1
0.5	1	12	51	1	82	20	161	1
0.501	1	5	51	2	20	20	161	0
0.501	1	7	51	2	29	20	161	0
0.501	1	1	51	2	87	20	161	1
0.501	1	6	51	2	91	20	161	1
0.502	1	9	51	3	39	20	161	0
0.502	1	2	51	3	50	20	161	0
0.502	1	13	51	3	94	20	161	1
0.502	1	3	51	3	96	20	161	1
0.503	1	11	51	4	58	20	161	0
0.503	1	10	51	4	63	20	161	0
0.503	1	14	51	4	1	20	161	1
0.503	1	15	51	4	12	20	161	1
0.504	1	8	51	5	71	20	161	0
0.504	1	4	51	5	78	20	161	0
0.504	1	5	51	5	20	20	161	1
0.504	1	7	51	5	29	20	161	1
0.505	1	12	51	6	82	20	161	0
0.505	1	1	51	6	87	20	161	0
0.505	1	9	51	6	39	20	161	1
0.505	1	2	51	6	50	20	161	1
0.506	1	6	51	7	91	20	161	0
0.506	1	13	51	7	94	20	161	0
0.506	1	11	51	7	58	20	161	1
0.506	1	10	51	7	63	20	161	1
0.507	1	3	51	8	96	20	161	0
0.507	1	14	51	8	1	20	161	0
0.507	1	8	51	8	71	20	161	1
0.507	1	4	51	8	78	20	161	1
0.508	1	15	51	9	12	20	161	0
0.508	1	5	51	9	20	20	161	0
0.508	1	12	51	9	82	20	161	1
0.508	1	1	51	9	87	20	161	1
0.509	1	7	51	10	29	20	161	0
0.509	1	9	51	10	39	20	161	0
0.509	1	6	51	10	91	20	161	1
0.509	1	13	51	10	94	20	161	1
0.51	1	2	52	1	50	20	161	0
0.51	1	11	52	1	58	20	161	0
0.51	1	3	52	1	96	20	161	1
0.51	1	14	52	1	1	20	161	1
0.511	1	10	52	2	63	20	161	0
0.511	1	8	52	2	71	20	161	0
0.511	1	15	52	2	12	20	161	1
0.511	1	5	52	2	20	20	161	1
0.512	1	4	52	3	78	20	161	0
0.512	1	12	52	3	82	20	161	0
0.512	1	7	52	3	29	20	161	1
0.512	1	9	52	3	39	20	161	1
0.513	1	1	52	4	87	20	161	0
0.513	1	6	52	4	91	20	161	0
0.513	1	2	52	4	50	20	161	1
0.513	1	11	52	4	58	20	161	1
0.514	1	13	52	5	94	20	161	0
0.514	1	3	52	5	96	20	161	0
0.514	1	10	52	5	63	20	161	1
0.514	1	8	52	5	71	20	161	1
0.515	1	14	52	6	1	20	161	0
0.515	1	15	52	6	12	20	161	0
0.515	1	4	52	6	78	20	161	1
0.515	1	12	52	6	82	20	161	1
0.516	1	5	52	7	20	20	161	0
0.516	1	7	52	7	29	20	161	0
0.516	1	1	52	7	87	20	161	1
0.516	1	6	52	7	91	20	161	1
0.517	1	9	52	8	39	20	161	0
0.517	1	2	52	8	50	20	161	0
0.517	1	13	52	8	94	20	161	1
0.517	1	3	52	8	96	20	161	1
0.518	1	11	52	9	58	20	161	0
0.518	1	10	52	9	63	20	161	0
0.518	1	14	52	9	1	20	161	1
0.518	1	15	52	9	12	20	161	1
0.519	1	8	52	10	71	20	161	0
0.519	1	4	52	10	78	20	161	0
0.519	1	5	52	10	20	20	161	1
0.519	1	7	52	10	29	20	161	1
0.52	1	12	53	1	82	20	161	0
0.52	1	1	53	1	87	20	161	0
0.52	1	9	53	1	39	20	161	1
0.52	1	2	53	1	50	20	161	1
0.521	1	6	53	2	91	20	161	0
0.521	1	13	53	2	94	20	161	0
0.521	1	11	53	2	58	20	161	1
0.521	1	10	53	2	63	20	161	1
0.522	1	3	53	3	96	20	161	0
0.522	1	14	53	3	1	20	161	0
0.522	1	8	53	3	71	20	161	1
0.522	1	4	53	3	78	20	161	1
0.523	1	15	53	4	12	20	161	0
0.523	1	5	53	4	20	20	161	0
0.523	1	12	53	4	82	20	161	1
0.523	1	1	53	4	87	20	161	1
0.524	1	7	53	5	29	20	161	0
0.524	1	9	53	5	39	20	161	0
0.524	1	6	53	5	91	20	161	1
0.524	1	13	53	5	94	20	161	1
0.525	1	2	53	6	50	20	161	0
0.525	1	11	53	6	58	20	161	0
0.525	1	3	53	6	96	20	161	1
0.525	1	14	53	6	1	20	161	1
0.526	1	10	53	7	63	20	161	0
0.526	1	8	53	7	71	20	161	0
0.526	1	15	53	7	12	20	161	1
0.526	1	5	53	7	20	20	161	1
0.527	1	4	53	8	78	20	161	0
0.527	1	12	53	8	82	20	161	0
0.527	1	7	53	8	29	20	161	1
0.527	1	9	53	8	39	20	161	1
0.528	1	1	53	9	87	20	161	0
0.528	1	6	53	9	91	20	161	0
0.528	1	2	53	9	50	20	161	1
0.528	1	11	53	9	58	20	161	1
0.529	1	13	53	10	94	20	161	0
0.529	1	3	53	10	96	20	161	0
0.529	1	10	53	10	63	20	161	1
0.529	1	8	53	10	71	20	161	1
0.53	1	14	54	1	1	20	161	0
0.53	1	15	54	1	12	20	161	0
0.53	1	4	54	1	78	20	161	1
0.53	1	12	54	1	82	20	161	1
0.531	1	5	54	2	20	20	161	0
0.531	1	7	54	2	29	20	161	0
0.531	1	1	54	2	87	20	161	1
0.531	1	6	54	2	91	20	161	1
0.532	1	9	54	3	39	20	161	0
0.532	1	2	54	3	50	20	161	0
0.532	1	13	54	3	94	20	161	1
0.532	1	3	54	3	96	20	161	1
0.533	1	11	54	4	58	20	161	0
0.533	1	10	54	4	63	20	161	0
0.533	1	14	54	4	1	20	161	1
0.533	1	15	54	4	12	20	161	1
0.534	1	8	54	5	71	20	161	0
0.534	1	4	54	5	78	20	161	0
0.534	1	5	54	5	20	20	161	1
0.534	1	7	54	5	29	20	161	1
0.535	1	12	54	6	82	20	161	0
0.535	1	1	54	6	87	20	161	0
0.535	1	9	54	6	39	20	161	1
0.535	1	2	54	6	50	20	161	1
0.536	1	6	54	7	91	20	161	0
0.536	1	13	54	7	94	20	161	0
0.536	1	11	54	7	58	20	161	1
0.536	1	10	54	7	63	20	161	1
0.537	1	3	54	8	96	20	161	0
0.537	1	14	54	8	1	20	161	0
0.537	1	8	54	8	71	20	161	1
0.537	1	4	54	8	78	20	161	1
0.538	1	15	54	9	12	20	161	0
0.538	1	5	54	9	20	20	161	0
0.538	1	12	54	9	82	20	161	1
0.538	1	1	54	9	87	20	161	1
0.539	1	7	54	10	29	20	161	0
0.539	1	9	54	10	39	20	161	0
0.539	1	6	54	10	91	20	161	1
0.539	1	13	54	10	94	20	161	1
0.54	1	2	55	1	50	20	161	0
0.54	1	11	55	1	58	20	161	0
0.54	1	3	55	1	96	20	161	1
0.54	1	14	55	1	1	20	161	1
0.541	1	10	55	2	63	20	161	0
0.541	1	8	55	2	71	20	161	0
0.541	1	15	55	2	12	20	161	1
0.541	1	5	55	2	20	20	161	1
0.542	1	4	55	3	78	20	161	0
0.542	1	12	55	3	82	20	161	0
0.542	1	7	55	3	29	20	161	1
0.542	1	9	55	3	39	20	161	1
0.543	1	1	55	4	87	20	161	0
0.543	1	6	55	4	91	20	161	0
0.543	1	2	55	4	50	20	161	1
0.543	1	11	55	4	58	20	161	1
0.544	1	13	55	5	94	20	161	0
0.544	1	3	55	5	96	20	161	0
0.544	1	10	55	5	63	20	161	1
0.544	1	8	55	5	71	20	161	1
0.545	1	14	55	6	1	20	161	0
0.545	1	15	55	6	12	20	161	0
0.545	1	4	55	6	78	20	161	1
0.545	1	12	55	6	82	20	161	1
0.546	1	5	55	7	20	20	161	0
0.546	1	7	55	7	29	20	161	0
0.546	1	1	55	7	87	20	161	1
0.546	1	6	55	7	91	20	161	1
0.547	1	9	55	8	39	20	161	0
0.547	1	2	55	8	50	20	161	0
0.547	1	13	55	8	94	20	161	1
0.547	1	3	55	8	96	20	161	1
0.548	1	11	55	9	58	20	161	0
0.548	1	10	55	9	63	20	161	0
0.548	1	14	55	9	1	20	161	1
0.548	1	15	55	9	12	20	161	1
0.549	1	8	55	10	71	20	161	0
0.549	1	4	55	10	78	20	161	0
0.549	1	5	55	10	20	20	161	1
0.549	1	7	55	10	29	20	161	1
0.55	1	12	56	1	82	20	161	0
0.55	1	1	56	1	87	20	161	0
0.55	1	9	56	1	39	20	161	1
0.55	1	2	56	1	50	20	161	1
0.551	1	6	56	2	91	20	161	0
0.551	1	13	56	2	94	20	161	0
0.551	1	11	56	2	58	20	161	1
0.551	1	10	56	2	63	20	161	1
0.552	1	3	56	3	96	20	161	0
0.552	1	14	56	3	1	20	161	0
0.552	1	8	56	3	71	20	161	1
0.552	1	4	56	3	78	20	161	1
0.553	1	15	56	4	12	20	161	0
0.553	1	5	56	4	20	20	161	0
0.553	1	12	56	4	82	20	161	1
0.553	1	1	56	4	87	20	161	1
0.554	1	7	56	5	29	20	161	0
0.554	1	9	56	5	39	20	161	0
0.554	1	6	56	5	91	20	161	1
0.554	1	13	56	5	94	20	161	1
0.555	1	2	56	6	50	20	161	0
0.555	1	11	56	6	58	20	161	0
0.555	1	3	56	6	96	20	161	1
0.555	1	14	56	6	1	20	161	1
0.556	1	10	56	7	63	20	161	0
0.556	1	8	56	7	71	20	161	0
0.556	1	15	56	7	12	20	161	1
0.556	1	5	56	7	20	20	161	1
0.557	1	4	56	8	78	20	161	0
0.557	1	12	56	8	82	20	161	0
0.557	1	7	56	8	29	20	161	1
0.557	1	9	56	8	39	20	161	1
0.558	1	1	56	9	87	20	161	0
0.558	1	6	56	9	91	20	161	0
0.558	1	2	56	9	50	20	161	1
0.558	1	11	56	9	58	20	161	1
0.559	1	13	56	10	94	20	161	0
0.559	1	3	56	10	96	20	161	0
0.559	1	10	56	10	63	20	161	1
0.559	1	8	56	10	71	20	161	1
0.56	1	14	57	1	1	20	161	0
0.56	1	15	57	1	12	20	161	0
0.56	1	4	57	1	78	20	161	1
0.56	1	12	57	1	82	20	161	1
0.561	1	5	57	2	20	20	161	0
0.561	1	7	57	2	29	20	161	0
0.561	1	1	57	2	87	20	161	1
0.561	1	6	57	2	91	20	161	1
0.562	1	9	57	3	39	20	161	0
0.562	1	2	57	3	50	20	161	0
0.562	1	13	57	3	94	20	161	1
0.562	1	3	57	3	96	20	161	1
0.563	1	11	57	4	58	20	161	0
0.563	1	10	57	4	63	20	161	0
0.563	1	14	57	4	1	20	161	1
0.563	1	15	57	4	12	20	161	1
0.564	1	8	57	5	71	20	161	0
0.564	1	4	57	5	78	20	161	0
0.564	1	5	57	5	20	20	161	1
0.564	1	7	57	5	29	20	161	1
0.565	1	12	57	6	82	20	161	0
0.565	1	1	57	6	87	20	161	0
0.565	1	9	57	6	39	20	161	1
0.565	1	2	57	6	50	20	161	1
0.566	1	6	57	7	91	20	161	0
0.566	1	13	57	7	94	20	161	0
0.566	1	11	57	7	58	20	161	1
0.566	1	10	57	7	63	20	161	1
0.567	1	3	57	8	96	20	161	0
0.567	1	14	57	8	1	20	161	0
0.567	1	8	57	8	71	20	161	1
0.567	1	4	57	8	78	20	161	1
0.568	1	15	57	9	12	20	161	0
0.568	1	5	57	9	20	20	161	0
0.568	1	12	57	9	82	20	161	1
0.568	1	1	57	9	87	20	161	1
0.569	1	7	57	10	29	20	161	0
0.569	1	9	57	10	39	20	161	0
0.569	1	6	57	10	91	20	161	1
0.569	1	13	57	10	94	20	161	1
0.57	1	2	58	1	50	20	161	0
0.57	1	11	58	1	58	20	161	0
0.57	1	3	58	1	96	20	161	1
0.57	1	14	58	1	1	20	161	1
0.571	1	10	58	2	63	20	161	0
0.571	1	8	58	2	71	20	161	0
0.571	1	15	58	2	12	20	161	1
0.571	1	5	58	2	20	20	161	1
0.572	1	4	58	3	78	20	161	0
0.572	1	12	58	3	82	20	161	0
0.572	1	7	58	3	29	20	161	1
0.572	1	9	58	3	39	20	161	1
0.573	1	1	58	4	87	20	161	0
0.573	1	6	58	4	91	20	161	0
0.573	1	2	58	4	50	20	161	1
0.573	1	11	58	4	58	20	161	1
0.574	1	13	58	5	94	20	161	0
0.574	1	3	58	5	96	20	161	0
0.574	1	10	58	5	63	20	161	1
0.574	1	8	58	5	71	20	161	1
0.575	1	14	58	6	1	20	161	0
0.575	1	15	58	6	12	20	161	0
0.575	1	4	58	6	78	20	161	1
0.575	1	12	58	6	82	20	161	1
0.576	1	5	58	7	20	20	161	0
0.576	1	7	58	7	29	20	161	0
0.576	1	1	58	7	87	20	161	1
0.576	1	6	58	7	91	20	161	1
0.577	1	9	58	8	39	20	161	0
0.577	1	2	58	8	50	20	161	0
0.577	1	13	58	8	94	20	161	1
0.577	1	3	58	8	96	20	161	1
0.578	1	11	58	9	58	20	161	0
0.578	1	10	58	9	63	20	161	0
0.578	1	14	58	9	1	20	161	1
0.578	1	15	58	9	12	20	161	1
0.579	1	8	58	10	71	20	161	0
0.579	1	4	58	10	78	20	161	0
0.579	1	5	58	10	20	20	161	1
0.579	1	7	58	10	29	20	161	1
0.58	1	12	59	1	82	20	161	0
0.58	1	1	59	1	87	20	161	0
0.58	1	9	59	1	39	20	161	1
0.58	1	2	59	1	50	20	161	1
0.581	1	6	59	2	91	20	161	0
0.581	1	13	59	2	94	20	161	0
0.581	1	11	59	2	58	20	161	1
0.581	1	10	59	2	63	20	161	1
0.582	1	3	59	3	96	20	161	0
0.582	1	14	59	3	1	20	161	0
0.582	1	8	59	3	71	20	161	1
0.582	1	4	59	3	78	20	161	1
0.583	1	15	59	4	12	20	161	0
0.583	1	5	59	4	20	20	161	0
0.583	1	12	59	4	82	20	161	1
0.583	1	1	59	4	87	20	161	1
0.584	1	7	59	5	29	20	161	0
0.584	1	9	59	5	39	20	161	0
0.584	1	6	59	5	91	20	161	1
0.584	1	13	59	5	94	20	161	1
0.585	1	2	59	6	50	20	161	0
0.585	1	11	59	6	58	20	161	0
0.585	1	3	59	6	96	20	161	1
0.585	1	14	59	6	1	20	161	1
0.586	1	10	59	7	63	20	161	0
0.586	1	8	59	7	71	20	161	0
0.586	1	15	59	7	12	20	161	1
0.586	1	5	59	7	20	20	161	1
0.587	1	4	59	8	78	20	161	0
0.587	1	12	59	8	82	20	161	0
0.587	1	7	59	8	29	20	161	1
0.587	1	9	59	8	39	20	161	1
0.588	1	1	59	9	87	20	161	0
0.588	1	6	59	9	91	20	161	0
0.588	1	2	59	9	50	20	161	1
0.588	1	11	59	9	58	20	161	1
0.589	1	13	59	10	94	20	161	0
0.589	1	3	59	10	96	20	161	0
0.589	1	10	59	10	63	20	161	1
0.589	1	8	59	10	71	20	161	1
0.59	1	14	60	1	1	20	161	0
0.59	1	15	60	1	12	20	161	0
0.59	1	4	60	1	78	20	161	1
0.59	1	12	60	1	82	20	161	1
0.591	1	5	60	2	20	20	161	0
0.591	1	7	60	2	29	20	161	0
0.591	1	1	60	2	87	20	161	1
0.591	1	6	60	2	91	20	161	1
0.592	1	9	60	3	39	20	161	0
0.592	1	2	60	3	50	20	161	0
0.592	1	13	60	3	94	20	161	1
0.592	1	3	60	3	96	20	161	1
0.593	1	11	60	4	58	20	161	0
0.593	1	10	60	4	63	20	161	0
0.593	1	14	60	4	1	20	161	1
0.593	1	15	60	4	12	20	161	1
0.594	1	8	60	5	71	20	161	0
0.594	1	4	60	5	78	20	161	0
0.594	1	5	60	5	20	20	161	1
0.594	1	7	60	5	29	20	161	1
0.595	1	12	60	6	82	20	161	0
0.595	1	1	60	6	87	20	161	0
0.595	1	9	60	6	39	20	161	1
0.595	1	2	60	6	50	20	161	1
0.596	1	6	60	7	91	20	161	0
0.596	1	13	60	7	94	20	161	0
0.596	1	11	60	7	58	20	161	1
0.596	1	10	60	7	63	20	161	1
0.597	1	3	60	8	96	20	161	0
0.597	1	14	60	8	1	20	161	0
0.597	1	8	60	8	71	20	161	1
0.597	1	4	60	8	78	20	161	1
0.598	1	15	60	9	12	20	161	0
0.598	1	5	60	9	20	20	161	0
0.598	1	12	60	9	82	20	161	1
0.598	1	1	60	9	87	20	161	1
0.599	1	7	60	10	29	20	161	0
0.599	1	9	60	10	39	20	161	0
0.599	1	6	60	10	91	20	161	1
0.599	1	13	60	10	94	20	161	1
0.6	1	2	61	1	50	20	161	0
0.6	1	11	61	1	58	20	161	0
0.6	1	3	61	1	96	20	161	1
0.6	1	14	61	1	1	20	161	1
0.601	1	10	61	2	63	20	161	0
0.601	1	8	61	2	71	20	161	0
0.601	1	15	61	2	12	20	161	1
0.601	1	5	61	2	20	20	161	1
0.602	1	4	61	3	78	20	161	0
0.602	1	12	61	3	82	20	161	0
0.602	1	7	61	3	29	20	161	1
0.602	1	9	61	3	39	20	161	1
0.603	1	1	61	4	87	20	161	0
0.603	1	6	61	4	91	20	161	0
0.603	1	2	61	4	50	20	161	1
0.603	1	11	61	4	58	20	161	1
0.604	1	13	61	5	94	20	161	0
0.604	1	3	61	5	96	20	161	0
0.604	1	10	61	5	63	20	161	1
0.604	1	8	61	5	71	20	161	1
0.605	1	14	61	6	1	20	161	0
0.605	1	15	61	6	12	20	161	0
0.605	1	4	61	6	78	20	161	1
0.605	1	12	61	6	82	20	161	1
0.606	1	5	61	7	20	20	161	0
0.606	1	7	61	7	29	20	161	0
0.606	1	1	61	7	87	20	161	1
0.606	1	6	61	7	91	20	161	1
0.607	1	9	61	8	39	20	161	0
0.607	1	2	61	8	50	20	161	0
0.607	1	13	61	8	94	20	161	1
0.607	1	3	61	8	96	20	161	1
0.608	1	11	61	9	58	20	161	0
0.608	1	10	61	9	63	20	161	0
0.608	1	14	61	9	1	20	161	1
0.608	1	15	61	9	12	20	161	1
0.609	1	8	61	10	71	20	161	0
0.609	1	4	61	10	78	20	161	0
0.609	1	5	61	10	20	20	161	1
0.609	1	7	61	10	29	20	161	1
0.61	1	12	62	1	82	20	161	0
0.61	1	1	62	1	87	20	161	0
0.61	1	9	62	1	39	20	161	1
0.61	1	2	62	1	50	20	161	1
0.611	1	6	62	2	91	20	161	0
0.611	1	13	62	2	94	20	161	0
0.611	1	11	62	2	58	20	161	1
0.611	1	10	62	2	63	20	161	1
0.612	1	3	62	3	96	20	161	0
0.612	1	14	62	3	1	20	161	0
0.612	1	8	62	3	71	20	161	1
0.612	1	4	62	3	78	20	161	1
0.613	1	15	62	4	12	20	161	0
0.613	1	5	62	4	20	20	161	0
0.613	1	12	62	4	82	20	161	1
0.613	1	1	62	4	87	20	161	1
0.614	1	7	62	5	29	20	161	0
0.614	1	9	62	5	39	20	161	0
0.614	1	6	62	5	91	20	161	1
0.614	1	13	62	5	94	20	161	1
0.615	1	2	62	6	50	20	161	0
0.615	1	11	62	6	58	20	161	0
0.615	1	3	62	6	96	20	161	1
0.615	1	14	62	6	1	20	161	1
0.616	1	10	62	7	63	20	161	0
0.616	1	8	62	7	71	20	161	0
0.616	1	15	62	7	12	20	161	1
0.616	1	5	62	7	20	20	161	1
0.617	1	4	62	8	78	20	161	0
0.617	1	12	62	8	82	20	161	0
0.617	1	7	62	8	29	20	161	1
0.617	1	9	62	8	39	20	161	1
0.618	1	1	62	9	87	20	161	0
0.618	1	6	62	9	91	20	161	0
0.618	1	2	62	9	50	20	161	1
0.618	1	11	62	9	58	20	161	1
0.619	1	13	62	10	94	20	161	0
0.619	1	3	62	10	96	20	161	0
0.619	1	10	62	10	63	20	161	1
0.619	1	8	62	10	71	20	161	1
0.62	1	14	63	1	1	20	161	0
0.62	1	15	63	1	12	20	161	0
0.62	1	4	63	1	78	20	161	1
0.62	1	12	63	1	82	20	161	1
0.621	1	5	63	2	20	20	161	0
0.621	1	7	63	2	29	20	161	0
0.621	1	1	63	2	87	20	161	1
0.621	1	6	63	2	91	20	161	1
0.622	1	9	63	3	39	20	161	0
0.622	1	2	63	3	50	20	161	0
0.622	1	13	63	3	94	20	161	1
0.622	1	3	63	3	96	20	161	1
0.623	1	11	63	4	58	20	161	0
0.623	1	10	63	4	63	20	161	0
0.623	1	14	63	4	1	20	161	1
0.623	1	15	63	4	12	20	161	1
0.624	1	8	63	5	71	20	161	0
0.624	1	4	63	5	78	20	161	0
0.624	1	5	63	5	20	20	161	1
0.624	1	7	63	5	29	20	161	1
0.625	1	12	63	6	82	20	161	0
0.625	1	1	63	6	87	20	161	0
0.625	1	9	63	6	39	20	161	1
0.625	1	2	63	6	50	20	161	1
0.626	1	6	63	7	91	20	161	0
0.626	1	13	63	7	94	20	161	0
0.626	1	11	63	7	58	20	161	1
0.626	1	10	63	7	63	20	161	1
0.627	1	3	63	8	96	20	161	0
0.627	1	14	63	8	1	20	161	0
0.627	1	8	63	8	71	20	161	1
0.627	1	4	63	8	78	20	161	1
0.628	1	15	63	9	12	20	161	0
0.628	1	5	63	9	20	20	161	0
0.628	1	12	63	9	82	20	161	1
0.628	1	1	63	9	87	20	161	1
0.629	1	7	63	10	29	20	161	0
0.629	1	9	63	10	39	20	161	0
0.629	1	6	63	10	91	20	161	1
0.629	1	13	63	10	94	20	161	1
0.63	1	2	64	1	50	20	161	0
0.63	1	11	64	1	58	20	161	0
0.63	1	3	64	1	96	20	161	1
0.63	1	14	64	1	1	20	161	1
0.631	1	10	64	2	63	20	161	0
0.631	1	8	64	2	71	20	161	0
0.631	1	15	64	2	12	20	161	1
0.631	1	5	64	2	20	20	161	1
0.632	1	4	64	3	78	20	161	0
0.632	1	12	64	3	82	20	161	0
0.632	1	7	64	3	29	20	161	1
0.632	1	9	64	3	39	20	161	1
0.633	1	1	64	4	87	20	161	0
0.633	1	6	64	4	91	20	161	0
0.633	1	2	64	4	50	20	161	1
0.633	1	11	64	4	58	20	161	1
0.634	1	13	64	5	94	20	161	0
0.634	1	3	64	5	96	20	161	0
0.634	1	10	64	5	63	20	161	1
0.634	1	8	64	5	71	20	161	1
0.635	1	14	64	6	1	20	161	0
0.635	1	15	64	6	12	20	161	0
0.635	1	4	64	6	78	20	161	1
0.635	1	12	64	6	82	20	161	1
0.636	1	5	64	7	20	20	161	0
0.636	1	7	64	7	29	20	161	0
0.636	1	1	64	7	87	20	161	1
0.636	1	6	64	7	91	20	161	1
0.637	1	9	64	8	39	20	161	0
0.637	1	2	64	8	50	20	161	0
0.637	1	13	64	8	94	20	161	1
0.637	1	3	64	8	96	20	161	1
0.638	1	11	64	9	58	20	161	0
0.638	1	10	64	9	63	20	161	0
0.638	1	14	64	9	1	20	161	1
0.638	1	15	64	9	12	20	161	1
0.639	1	8	64	10	71	20	161	0
0.639	1	4	64	10	78	20	161	0
0.639	1	5	64	10	20	20	161	1
0.639	1	7	64	10	29	20	161	1
0.64	1	12	65	1	82	20	161	0
0.64	1	1	65	1	87	20	161	0
0.64	1	9	65	1	39	20	161	1
0.64	1	2	65	1	50	20	161	1
0.641	1	6	65	2	91	20	161	0
0.641	1	13	65	2	94	20	161	0
0.641	1	11	65	2	58	20	161	1
0.641	1	10	65	2	63	20	161	1
0.642	1	3	65	3	96	20	161	0
0.642	1	14	65	3	1	20	161	0
0.642	1	8	65	3	71	20	161	1
0.642	1	4	65	3	78	20	161	1
0.643	1	15	65	4	12	20	161	0
0.643	1	5	65	4	20	20	161	0
0.643	1	12	65	4	82	20	161	1
0.643	1	1	65	4	87	20	161	1
0.644	1	7	65	5	29	20	161	0
0.644	1	9	65	5	39	20	161	0
0.644	1	6	65	5	91	20	161	1
0.644	1	13	65	5	94	20	161	1
0.645	1	2	65	6	50	20	161	0
0.645	1	11	65	6	58	20	161	0
0.645	1	3	65	6	96	20	161	1
0.645	1	14	65	6	1	20	161	1
0.646	1	10	65	7	63	20	161	0
0.646	1	8	65	7	71	20	161	0
0.646	1	15	65	7	12	20	161	1
0.646	1	5	65	7	20	20	161	1
0.647	1	4	65	8	78	20	161	0
0.647	1	12	65	8	82	20	161	0
0.647	1	7	65	8	29	20	161	1
0.647	1	9	65	8	39	20	161	1
0.648	1	1	65	9	87	20	161	0
0.648	1	6	65	9	91	20	161	0
0.648	1	2	65	9	50	20	161	1
0.648	1	11	65	9	58	20	161	1
0.649	1	13	65	10	94	20	161	0
0.649	1	3	65	10	96	20	161	0
0.649	1	10	65	10	63	20	161	1
0.649	1	8	65	10	71	20	161	1
0.65	1	14	66	1	1	20	161	0
0.65	1	15	66	1	12	20	161	0
0.65	1	4	66	1	78	20	161	1
0.65	1	12	66	1	82	20	161	1
0.651	1	5	66	2	20	20	161	0
0.651	1	7	66	2	29	20	161	0
0.651	1	1	66	2	87	20	161	1
0.651	1	6	66	2	91	20	161	1
0.652	1	9	66	3	39	20	161	0
0.652	1	2	66	3	50	20	161	0
0.652	1	13	66	3	94	20	161	1
0.652	1	3	66	3	96	20	161	1
0.653	1	11	66	4	58	20	161	0
0.653	1	10	66	4	63	20	161	0
0.653	1	14	66	4	1	20	161	1
0.653	1	15	66	4	12	20	161	1
0.654	1	8	66	5	71	20	161	0
0.654	1	4	66	5	78	20	161	0
0.654	1	5	66	5	20	20	161	1
0.654	1	7	66	5	29	20	161	1
0.655	1	12	66	6	82	20	161	0
0.655	1	1	66	6	87	20	161	0
0.655	1	9	66	6	39	20	161	1
0.655	1	2	66	6	50	20	161	1
0.656	1	6	66	7	91	20	161	0
0.656	1	13	66	7	94	20	161	0
0.656	1	11	66	7	58	20	161	1
0.656	1	10	66	7	63	20	161	1
0.657	1	3	66	8	96	20	161	0
0.657	1	14	66	8	1	20	161	0
0.657	1	8	66	8	71	20	161	1
0.657	1	4	66	8	78	20	161	1
0.658	1	15	66	9	12	20	161	0
0.658	1	5	66	9	20	20	161	0
0.658	1	12	66	9	82	20	161	1
0.658	1	1	66	9	87	20	161	1
0.659	1	7	66	10	29	20	161	0
0.659	1	9	66	10	39	20	161	0
0.659	1	6	66	10	91	20	161	1
0.659	1	13	66	10	94	20	161	1
0.66	1	2	67	1	50	20	161	0
0.66	1	11	67	1	58	20	161	0
0.66	1	3	67	1	96	20	161	1
0.66	1	14	67	1	1	20	161	1
0.661	1	10	67	2	63	20	161	0
0.661	1	8	67	2	71	20	161	0
0.661	1	15	67	2	12	20	161	1
0.661	1	5	67	2	20	20	161	1
0.662	1	4	67	3	78	20	161	0
0.662	1	12	67	3	82	20	161	0
0.662	1	7	67	3	29	20	161	1
0.662	1	9	67	3	39	20	161	1
0.663	1	1	67	4	87	20	161	0
0.663	1	6	67	4	91	20	161	0
0.663	1	2	67	4	50	20	161	1
0.663	1	11	67	4	58	20	161	1
0.664	1	13	67	5	94	20	161	0
0.664	1	3	67	5	96	20	161	0
0.664	1	10	67	5	63	20	161	1
0.664	1	8	67	5	71	20	161	1
0.665	1	14	67	6	1	20	161	0
0.665	1	15	67	6	12	20	161	0
0.665	1	4	67	6	78	20	161	1
0.665	1	12	67	6	82	20	161	1
0.666	1	5	67	7	20	20	161	0
0.666	1	7	67	7	29	20	161	0
0.666	1	1	67	7	87	20	161	1
0.666	1	6	67	7	91	20	161	1
0.667	1	9	67	8	39	20	161	0
0.667	1	2	67	8	50	20	161	0
0.667	1	13	67	8	94	20	161	1
0.667	1	3	67	8	96	20	161	1
0.668	1	11	67	9	58	20	161	0
0.668	1	10	67	9	63	20	161	0
0.668	1	14	67	9	1	20	161	1
0.668	1	15	67	9	12	20	161	1
0.669	1	8	67	10	71	20	161	0
0.669	1	4	67	10	78	20	161	0
0.669	1	5	67	10	20	20	161	1
0.669	1	7	67	10	29	20	161	1
0.67	1	12	68	1	82	20	161	0
0.67	1	1	68	1	87	20	161	0
0.67	1	9	68	1	39	20	161	1
0.67	1	2	68	1	50	20	161	1
0.671	1	6	68	2	91	20	161	0
0.671	1	13	68	2	94	20	161	0
0.671	1	11	68	2	58	20	161	1
0.671	1	10	68	2	63	20	161	1
0.672	1	3	68	3	96	20	161	0
0.672	1	14	68	3	1	20	161	0
0.672	1	8	68	3	71	20	161	1
0.672	1	4	68	3	78	20	161	1
0.673	1	15	68	4	12	20	161	0
0.673	1	5	68	4	20	20	161	0
0.673	1	12	68	4	82	20	161	1
0.673	1	1	68	4	87	20	161	1
0.674	1	7	68	5	29	20	161	0
0.674	1	9	68	5	39	20	161	0
0.674	1	6	68	5	91	20	161	1
0.674	1	13	68	5	94	20	161	1
0.675	1	2	68	6	50	20	161	0
0.675	1	11	68	6	58	20	161	0
0.675	1	3	68	6	96	20	161	1
0.675	1	14	68	6	1	20	161	1
0.676	1	10	68	7	63	20	161	0
0.676	1	8	68	7	71	20	161	0
0.676	1	15	68	7	12	20	161	1
0.676	1	5	68	7	20	20	161	1
0.677	1	4	68	8	78	20	161	0
0.677	1	12	68	8	82	20	161	0
0.677	1	7	68	8	29	20	161	1
0.677	1	9	68	8	39	20	161	1
0.678	1	1	68	9	87	20	161	0
0.678	1	6	68	9	91	20	161	0
0.678	1	2	68	9	50	20	161	1
0.678	1	11	68	9	58	20	161	1
0.679	1	13	68	10	94	20	161	0
0.679	1	3	68	10	96	20	161	0
0.679	1	10	68	10	63	20	161	1
0.679	1	8	68	10	71	20	161	1
0.68	1	14	69	1	1	20	161	0
0.68	1	15	69	1	12	20	161	0
0.68	1	4	69	1	78	20	161	1
0.68	1	12	69	1	82	20	161	1
0.681	1	5	69	2	20	20	161	0
0.681	1	7	69	2	29	20	161	0
0.681	1	1	69	2	87	20	161	1
0.681	1	6	69	2	91	20	161	1
0.682	1	9	69	3	39	20	161	0
0.682	1	2	69	3	50	20	161	0
0.682	1	13	69	3	94	20	161	1
0.682	1	3	69	3	96	20	161	1
0.683	1	11	69	4	58	20	161	0
0.683	1	10	69	4	63	20	161	0
0.683	1	14	69	4	1	20	161	1
0.683	1	15	69	4	12	20	161	1
0.684	1	8	69	5	71	20	161	0
0.684	1	4	69	5	78	20	161	0
0.684	1	5	69	5	20	20	161	1
0.684	1	7	69	5	29	20	161	1
0.685	1	12	69	6	82	20	161	0
0.685	1	1	69	6	87	20	161	0
0.685	1	9	69	6	39	20	161	1
0.685	1	2	69	6	50	20	161	1
0.686	1	6	69	7	91	20	161	0
0.686	1	13	69	7	94	20	161	0
0.686	1	11	69	7	58	20	161	1
0.686	1	10	69	7	63	20	161	1
0.687	1	3	69	8	96	20	161	0
0.687	1	14	69	8	1	20	161	0
0.687	1	8	69	8	71	20	161	1
0.687	1	4	69	8	78	20	161	1
0.688	1	15	69	9	12	20	161	0
0.688	1	5	69	9	20	20	161	0
0.688	1	12	69	9	82	20	161	1
0.688	1	1	69	9	87	20	161	1
0.689	1	7	69	10	29	20	161	0
0.689	1	9	69	10	39	20	161	0
0.689	1	6	69	10	91	20	161	1
0.689	1	13	69	10	94	20	161	1
0.69	1	2	70	1	50	20	161	0
0.69	1	11	70	1	58	20	161	0
0.69	1	3	70	1	96	20	161	1
0.69	1	14	70	1	1	20	161	1
0.691	1	10	70	2	63	20	161	0
0.691	1	8	70	2	71	20	161	0
0.691	1	15	70	2	12	20	161	1
0.691	1	5	70	2	20	20	161	1
0.692	1	4	70	3	78	20	161	0
0.692	1	12	70	3	82	20	161	0
0.692	1	7	70	3	29	20	161	1
0.692	1	9	70	3	39	20	161	1
0.693	1	1	70	4	87	20	161	0
0.693	1	6	70	4	91	20	161	0
0.693	1	2	70	4	50	20	161	1
0.693	1	11	70	4	58	20	161	1
0.694	1	13	70	5	94	20	161	0
0.694	1	3	70	5	96	20	161	0
0.694	1	10	70	5	63	20	161	1
0.694	1	8	70	5	71	20	161	1
0.695	1	14	70	6	1	20	161	0
0.695	1	15	70	6	12	20	161	0
0.695	1	4	70	6	78	20	161	1
0.695	1	12	70	6	82	20	161	1
0.696	1	5	70	7	20	20	161	0
0.696	1	7	70	7	29	20	161	0
0.696	1	1	70	7	87	20	161	1
0.696	1	6	70	7	91	20	161	1
0.697	1	9	70	8	39	20	161	0
0.697	1	2	70	8	50	20	161	0
0.697	1	13	70	8	94	20	161	1
0.697	1	3	70	8	96	20	161	1
0.698	1	11	70	9	58	20	161	0
0.698	1	10	70	9	63	20	161	0
0.698	1	14	70	9	1	20	161	1
0.698	1	15	70	9	12	20	161	1
0.699	1	8	70	10	71	20	161	0
0.699	1	4	70	10	78	20	161	0
0.699	1	5	70	10	20	20	161	1
0.699	1	7	70	10	29	20	161	1
0.7	1	12	71	1	82	20	161	0
0.7	1	1	71	1	87	20	161	0
0.7	1	9	71	1	39	20	161	1
0.7	1	2	71	1	50	20	161	1
0.701	1	6	71	2	91	20	161	0
0.701	1	13	71	2	94	20	161	0
0.701	1	11	71	2	58	20	161	1
0.701	1	10	71	2	63	20	161	1
0.702	1	3	71	3	96	20	161	0
0.702	1	14	71	3	1	20	161	0
0.702	1	8	71	3	71	20	161	1
0.702	1	4	71	3	78	20	161	1
0.703	1	15	71	4	12	20	161	0
0.703	1	5	71	4	20	20	161	0
0.703	1	12	71	4	82	20	161	1
0.703	1	1	71	4	87	20	161	1
0.704	1	7	71	5	29	20	161	0
0.704	1	9	71	5	39	20	161	0
0.704	1	6	71	5	91	20	161	1
0.704	1	13	71	5	94	20	161	1
0.705	1	2	71	6	50	20	161	0
0.705	1	11	71	6	58	20	161	0
0.705	1	3	71	6	96	20	161	1
0.705	1	14	71	6	1	20	161	1
0.706	1	10	71	7	63	20	161	0
0.706	1	8	71	7	71	20	161	0
0.706	1	15	71	7	12	20	161	1
0.706	1	5	71	7	20	20	161	1
0.707	1	4	71	8	78	20	161	0
0.707	1	12	71	8	82	20	161	0
0.707	1	7	71	8	29	20	161	1
0.707	1	9	71	8	39	20	161	1
0.708	1	1	71	9	87	20	161	0
0.708	1	6	71	9	91	20	161	0
0.708	1	2	71	9	50	20	161	1
0.708	1	11	71	9	58	20	161	1
0.709	1	13	71	10	94	20	161	0
0.709	1	3	71	10	96	20	161	0
0.709	1	10	71	10	63	20	161	1
0.709	1	8	71	10	71	20	161	1
0.71	1	14	72	1	1	20	161	0
0.71	1	15	72	1	12	20	161	0
0.71	1	4	72	1	78	20	161	1
0.71	1	12	72	1	82	20	161	1
0.711	1	5	72	2	20	20	161	0
0.711	1	7	72	2	29	20	161	0
0.711	1	1	72	2	87	20	161	1
0.711	1	6	72	2	91	20	161	1
0.712	1	9	72	3	39	20	161	0
0.712	1	2	72	3	50	20	161	0
0.712	1	13	72	3	94	20	161	1
0.712	1	3	72	3	96	20	161	1
0.713	1	11	72	4	58	20	161	0
0.713	1	10	72	4	63	20	161	0
0.713	1	14	72	4	1	20	161	1
0.713	1	15	72	4	12	20	161	1
0.714	1	8	72	5	71	20	161	0
0.714	1	4	72	5	78	20	161	0
0.714	1	5	72	5	20	20	161	1
0.714	1	7	72	5	29	20	161	1
0.715	1	12	72	6	82	20	161	0
0.715	1	1	72	6	87	20	161	0
0.715	1	9	72	6	39	20	161	1
0.715	1	2	72	6	50	20	161	1
0.716	1	6	72	7	91	20	161	0
0.716	1	13	72	7	94	20	161	0
0.716	1	11	72	7	58	20	161	1
0.716	1	10	72	7	63	20	161	1
0.717	1	3	72	8	96	20	161	0
0.717	1	14	72	8	1	20	161	0
0.717	1	8	72	8	71	20	161	1
0.717	1	4	72	8	78	20	161	1
0.718	1	15	72	9	12	20	161	0
0.718	1	5	72	9	20	20	161	0
0.718	1	12	72	9	82	20	161	1
0.718	1	1	72	9	87	20	161	1
0.719	1	7	72	10	29	20	161	0
0.719	1	9	72	10	39	20	161	0
0.719	1	6	72	10	91	20	161	1
0.719	1	13	72	10	94	20	161	1
0.72	1	2	73	1	50	20	161	0
0.72	1	11	73	1	58	20	161	0
0.72	1	3	73	1	96	20	161	1
0.72	1	14	73	1	1	20	161	1
0.721	1	10	73	2	63	20	161	0
0.721	1	8	73	2	71	20	161	0
0.721	1	15	73	2	12	20	161	1
0.721	1	5	73	2	20	20	161	1
0.722	1	4	73	3	78	20	161	0
0.722	1	12	73	3	82	20	161	0
0.722	1	7	73	3	29	20	161	1
0.722	1	9	73	3	39	20	161	1
0.723	1	1	73	4	87	20	161	0
0.723	1	6	73	4	91	20	161	0
0.723	1	2	73	4	50	20	161	1
0.723	1	11	73	4	58	20	161	1
0.724	1	13	73	5	94	20	161	0
0.724	1	3	73	5	96	20	161	0
0.724	1	10	73	5	63	20	161	1
0.724	1	8	73	5	71	20	161	1
0.725	1	14	73	6	1	20	161	0
0.725	1	15	73	6	12	20	161	0
0.725	1	4	73	6	78	20	161	1
0.725	1	12	73	6	82	20	161	1
0.726	1	5	73	7	20	20	161	0
0.726	1	7	73	7	29	20	161	0
0.726	1	1	73	7	87	20	161	1
0.726	1	6	73	7	91	20	161	1
0.727	1	9	73	8	39	20	161	0
0.727	1	2	73	8	50	20	161	0
0.727	1	13	73	8	94	20	161	1
0.727	1	3	73	8	96	20	161	1
0.728	1	11	73	9	58	20	161	0
0.728	1	10	73	9	63	20	161	0
0.728	1	14	73	9	1	20	161	1
0.728	1	15	73	9	12	20	161	1
0.729	1	8	73	10	71	20	161	0
0.729	1	4	73	10	78	20	161	0
0.729	1	5	73	10	20	20	161	1
0.729	1	7	73	10	29	20	161	1
0.73	1	12	74	1	82	20	161	0
0.73	1	1	74	1	87	20	161	0
0.73	1	9	74	1	39	20	161	1
0.73	1	2	74	1	50	20	161	1
0.731	1	6	74	2	91	20	161	0
0.731	1	13	74	2	94	20	161	0
0.731	1	11	74	2	58	20	161	1
0.731	1	10	74	2	63	20	161	1
0.732	1	3	74	3	96	20	161	0
0.732	1	14	74	3	1	20	161	0
0.732	1	8	74	3	71	20	161	1
0.732	1	4	74	3	78	20	161	1
0.733	1	15	74	4	12	20	161	0
0.733	1	5	74	4	20	20	161	0
0.733	1	12	74	4	82	20	161	1
0.733	1	1	74	4	87	20	161	1
0.734	1	7	74	5	29	20	161	0
0.734	1	9	74	5	39	20	161	0
0.734	1	6	74	5	91	20	161	1
0.734	1	13	74	5	94	20	161	1
0.735	1	2	74	6	50	20	161	0
0.735	1	11	74	6	58	20	161	0
0.735	1	3	74	6	96	20	161	1
0.735	1	14	74	6	1	20	161	1
0.736	1	10	74	7	63	20	161	0
0.736	1	8	74	7	71	20	161	0
0.736	1	15	74	7	12	20	161	1
0.736	1	5	74	7	20	20	161	1
0.737	1	4	74	8	78	20	161	0
0.737	1	12	74	8	82	20	161	0
0.737	1	7	74	8	29	20	161	1
0.737	1	9	74	8	39	20	161	1
0.738	1	1	74	9	87	20	161	0
0.738	1	6	74	9	91	20	161	0
0.738	1	2	74	9	50	20	161	1
0.738	1	11	74	9	58	20	161	1
0.739	1	13	74	10	94	20	161	0
0.739	1	3	74	10	96	20	161	0
0.739	1	10	74	10	63	20	161	1
0.739	1	8	74	10	71	20	161	1
0.74	1	14	75	1	1	20	161	0
0.74	1	15	75	1	12	20	161	0
0.74	1	4	75	1	78	20	161	1
0.74	1	12	75	1	82	20	161	1
0.741	1	5	75	2	20	20	161	0
0.741	1	7	75	2	29	20	161	0
0.741	1	1	75	2	87	20	161	1
0.741	1	6	75	2	91	20	161	1
0.742	1	9	75	3	39	20	161	0
0.742	1	2	75	3	50	20	161	0
0.742	1	13	75	3	94	20	161	1
0.742	1	3	75	3	96	20	161	1
0.743	1	11	75	4	58	20	161	0
0.743	1	10	75	4	63	20	161	0
0.743	1	14	75	4	1	20	161	1
0.743	1	15	75	4	12	20	161	1
0.744	1	8	75	5	71	20	161	0
0.744	1	4	75	5	78	20	161	0
0.744	1	5	75	5	20	20	161	1
0.744	1	7	75	5	29	20	161	1
0.745	1	12	75	6	82	20	161	0
0.745	1	1	75	6	87	20	161	0
0.745	1	9	75	6	39	20	161	1
0.745	1	2	75	6	50	20	161	1
0.746	1	6	75	7	91	20	161	0
0.746	1	13	75	7	94	20	161	0
0.746	1	11	75	7	58	20	161	1
0.746	1	10	75	7	63	20	161	1
0.747	1	3	75	8	96	20	161	0
0.747	1	14	75	8	1	20	161	0
0.747	1	8	75	8	71	20	161	1
0.747	1	4	75	8	78	20	161	1
0.748	1	15	75	9	12	20	161	0
0.748	1	5	75	9	20	20	161	0
0.748	1	12	75	9	82	20	161	1
0.748	1	1	75	9	87	20	161	1
0.749	1	7	75	10	29	20	161	0
0.749	1	9	75	10	39	20	161	0
0.749	1	6	75	10	91	20	161	1
0.749	1	13	75	10	94	20	161	1
0.75	1	2	76	1	50	20	161	0
0.75	1	11	76	1	58	20	161	0
0.75	1	3	76	1	96	20	161	1
0.75	1	14	76	1	1	20	161	1
0.751	1	10	76	2	63	20	161	0
0.751	1	8	76	2	71	20	161	0
0.751	1	15	76	2	12	20	161	1
0.751	1	5	76	2	20	20	161	1
0.752	1	4	76	3	78	20	161	0
0.752	1	12	76	3	82	20	161	0
0.752	1	7	76	3	29	20	161	1
0.752	1	9	76	3	39	20	161	1
0.753	1	1	76	4	87	20	161	0
0.753	1	6	76	4	91	20	161	0
0.753	1	2	76	4	50	20	161	1
0.753	1	11	76	4	58	20	161	1
0.754	1	13	76	5	94	20	161	0
0.754	1	3	76	5	96	20	161	0
0.754	1	10	76	5	63	20	161	1
0.754	1	8	76	5	71	20	161	1
0.755	1	14	76	6	1	20	161	0
0.755	1	15	76	6	12	20	161	0
0.755	1	4	76	6	78	20	161	1
0.755	1	12	76	6	82	20	161	1
0.756	1	5	76	7	20	20	161	0
0.756	1	7	76	7	29	20	161	0
0.756	1	1	76	7	87	20	161	1
0.756	1	6	76	7	91	20	161	1
0.757	1	9	76	8	39	20	161	0
0.757	1	2	76	8	50	20	161	0
0.757	1	13	76	8	94	20	161	1
0.757	1	3	76	8	96	20	161	1
0.758	1	11	76	9	58	20	161	0
0.758	1	10	76	9	63	20	161	0
0.758	1	14	76	9	1	20	161	1
0.758	1	15	76	9	12	20	161	1
0.759	1	8	76	10	71	20	161	0
0.759	1	4	76	10	78	20	161	0
0.759	1	5	76	10	20	20	161	1
0.759	1	7	76	10	29	20	161	1
0.76	1	12	77	1	82	20	161	0
0.76	1	1	77	1	87	20	161	0
0.76	1	9	77	1	39	20	161	1
0.76	1	2	77	1	50	20	161	1
0.761	1	6	77	2	91	20	161	0
0.761	1	13	77	2	94	20	161	0
0.761	1	11	77	2	58	20	161	1
0.761	1	10	77	2	63	20	161	1
0.762	1	3	77	3	96	20	161	0
0.762	1	14	77	3	1	20	161	0
0.762	1	8	77	3	71	20	161	1
0.762	1	4	77	3	78	20	161	1
0.763	1	15	77	4	12	20	161	0
0.763	1	5	77	4	20	20	161	0
0.763	1	12	77	4	82	20	161	1
0.763	1	1	77	4	87	20	161	1
0.764	1	7	77	5	29	20	161	0
0.764	1	9	77	5	39	20	161	0
0.764	1	6	77	5	91	20	161	1
0.764	1	13	77	5	94	20	161	1
0.765	1	2	77	6	50	20	161	0
0.765	1	11	77	6	58	20	161	0
0.765	1	3	77	6	96	20	161	1
0.765	1	14	77	6	1	20	161	1
0.766	1	10	77	7	63	20	161	0
0.766	1	8	77	7	71	20	161	0
0.766	1	15	77	7	12	20	161	1
0.766	1	5	77	7	20	20	161	1
0.767	1	4	77	8	78	20	161	0
0.767	1	12	77	8	82	20	161	0
0.767	1	7	77	8	29	20	161	1
0.767	1	9	77	8	39	20	161	1
0.768	1	1	77	9	87	20	161	0
0.768	1	6	77	9	91	20	161	0
0.768	1	2	77	9	50	20	161	1
0.768	1	11	77	9	58	20	161	1
0.769	1	13	77	10	94	20	161	0
0.769	1	3	77	10	96	20	161	0
0.769	1	10	77	10	63	20	161	1
0.769	1	8	77	10	71	20	161	1
0.77	1	14	78	1	1	20	161	0
0.77	1	15	78	1	12	20	161	0
0.77	1	4	78	1	78	20	161	1
0.77	1	12	78	1	82	20	161	1
0.771	1	5	78	2	20	20	161	0
0.771	1	7	78	2	29	20	161	0
0.771	1	1	78	2	87	20	161	1
0.771	1	6	78	2	91	20	161	1
0.772	1	9	78	3	39	20	161	0
0.772	1	2	78	3	50	20	161	0
0.772	1	13	78	3	94	20	161	1
0.772	1	3	78	3	96	20	161	1
0.773	1	11	78	4	58	20	161	0
0.773	1	10	78	4	63	20	161	0
0.773	1	14	78	4	1	20	161	1
0.773	1	15	78	4	12	20	161	1
0.774	1	8	78	5	71	20	161	0
0.774	1	4	78	5	78	20	161	0
0.774	1	5	78	5	20	20	161	1
0.774	1	7	78	5	29	20	161	1
0.775	1	12	78	6	82	20	161	0
0.775	1	1	78	6	87	20	161	0
0.775	1	9	78	6	39	20	161	1
0.775	1	2	78	6	50	20	161	1
0.776	1	6	78	7	91	20	161	0
0.776	1	13	78	7	94	20	161	0
0.776	1	11	78	7	58	20	161	1
0.776	1	10	78	7	63	20	161	1
0.777	1	3	78	8	96	20	161	0
0.777	1	14	78	8	1	20	161	0
0.777	1	8	78	8	71	20	161	1
0.777	1	4	78	8	78	20	161	1
0.778	1	15	78	9	12	20	161	0
0.778	1	5	78	9	20	20	161	0
0.778	1	12	78	9	82	20	161	1
0.778	1	1	78	9	87	20	161	1
0.779	1	7	78	10	29	20	161	0
0.779	1	9	78	10	39	20	161	0
0.779	1	6	78	10	91	20	161	1
0.779	1	13	78	10	94	20	161	1
0.78	1	2	79	1	50	20	161	0
0.78	1	11	79	1	58	20	161	0
0.78	1	3	79	1	96	20	161	1
0.78	1	14	79	1	1	20	161	1
0.781	1	10	79	2	63	20	161	0
0.781	1	8	79	2	71	20	161	0
0.781	1	15	79	2	12	20	161	1
0.781	1	5	79	2	20	20	161	1
0.782	1	4	79	3	78	20	161	0
0.782	1	12	79	3	82	20	161	0
0.782	1	7	79	3	29	20	161	1
0.782	1	9	79	3	39	20	161	1
0.783	1	1	79	4	87	20	161	0
0.783	1	6	79	4	91	20	161	0
0.783	1	2	79	4	50	20	161	1
0.783	1	11	79	4	58	20	161	1
0.784	1	13	79	5	94	20	161	0
0.784	1	3	79	5	96	20	161	0
0.784	1	10	79	5	63	20	161	1
0.784	1	8	79	5	71	20	161	1
0.785	1	14	79	6	1	20	161	0
0.785	1	15	79	6	12	20	161	0
0.785	1	4	79	6	78	20	161	1
0.785	1	12	79	6	82	20	161	1
0.786	1	5	79	7	20	20	161	0
0.786	1	7	79	7	29	20	161	0
0.786	1	1	79	7	87	20	161	1
0.786	1	6	79	7	91	20	161	1
0.787	1	9	79	8	39	20	161	0
0.787	1	2	79	8	50	20	161	0
0.787	1	13	79	8	94	20	161	1
0.787	1	3	79	8	96	20	161	1
0.788	1	11	79	9	58	20	161	0
0.788	1	10	79	9	63	20	161	0
0.788	1	14	79	9	1	20	161	1
0.788	1	15	79	9	12	20	161	1
0.789	1	8	79	10	71	20	161	0
0.789	1	4	79	10	78	20	161	0
0.789	1	5	79	10	20	20	161	1
0.789	1	7	79	10	29	20	161	1
0.79	1	12	80	1	82	20	161	0
0.79	1	1	80	1	87	20	161	0
0.79	1	9	80	1	39	20	161	1
0.79	1	2	80	1	50	20	161	1
0.791	1	6	80	2	91	20	161	0
0.791	1	13	80	2	94	20	161	0
0.791	1	11	80	2	58	20	161	1
0.791	1	10	80	2	63	20	161	1
0.792	1	3	80	3	96	20	161	0
0.792	1	14	80	3	1	20	161	0
0.792	1	8	80	3	71	20	161	1
0.792	1	4	80	3	78	20	161	1
0.793	1	15	80	4	12	20	161	0
0.793	1	5	80	4	20	20	161	0
0.793	1	12	80	4	82	20	161	1
0.793	1	1	80	4	87	20	161	1
0.794	1	7	80	5	29	20	161	0
0.794	1	9	80	5	39	20	161	0
0.794	1	6	80	5	91	20	161	1
0.794	1	13	80	5	94	20	161	1
0.795	1	2	80	6	50	20	161	0
0.795	1	11	80	6	58	20	161	0
0.795	1	3	80	6	96	20	161	1
0.795	1	14	80	6	1	20	161	1
0.796	1	10	80	7	63	20	161	0
0.796	1	8	80	7	71	20	161	0
0.796	1	15	80	7	12	20	161	1
0.796	1	5	80	7	20	20	161	1
0.797	1	4	80	8	78	20	161	0
0.797	1	12	80	8	82	20	161	0
0.797	1	7	80	8	29	20	161	1
0.797	1	9	80	8	39	20	161	1
0.798	1	1	80	9	87	20	161	0
0.798	1	6	80	9	91	20	161	0
0.798	1	2	80	9	50	20	161	1
0.798	1	11	80	9	58	20	161	1
0.799	1	13	80	10	94	20	161	0
0.799	1	3	80	10	96	20	161	0
0.799	1	10	80	10	63	20	161	1
0.799	1	8	80	10	71	20	161	1
0.8	1	14	81	1	1	20	161	0
0.8	1	15	81	1	12	20	161	0
0.8	1	4	81	1	78	20	161	1
0.8	1	12	81	1	82	20	161	1
0.801	1	5	81	2	20	20	161	0
0.801	1	7	81	2	29	20	161	0
0.801	1	1	81	2	87	20	161	1
0.801	1	6	81	2	91	20	161	1
0.802	1	9	81	3	39	20	161	0
0.802	1	2	81	3	50	20	161	0
0.802	1	13	81	3	94	20	161	1
0.802	1	3	81	3	96	20	161	1
0.803	1	11	81	4	58	20	161	0
0.803	1	10	81	4	63	20	161	0
0.803	1	14	81	4	1	20	161	1
0.803	1	15	81	4	12	20	161	1
0.804	1	8	81	5	71	20	161	0
0.804	1	4	81	5	78	20	161	0
0.804	1	5	81	5	20	20	161	1
0.804	1	7	81	5	29	20	161	1
0.805	1	12	81	6	82	20	161	0
0.805	1	1	81	6	87	20	161	0
0.805	1	9	81	6	39	20	161	1
0.805	1	2	81	6	50	20	161	1
0.806	1	6	81	7	91	20	161	0
0.806	1	13	81	7	94	20	161	0
0.806	1	11	81	7	58	20	161	1
0.806	1	10	81	7	63	20	161	1
0.807	1	3	81	8	96	20	161	0
0.807	1	14	81	8	1	20	161	0
0.807	1	8	81	8	71	20	161	1
0.807	1	4	81	8	78	20	161	1
0.808	1	15	81	9	12	20	161	0
0.808	1	5	81	9	20	20	161	0
0.808	1	12	81	9	82	20	161	1
0.808	1	1	81	9	87	20	161	1
0.809	1	7	81	10	29	20	161	0
0.809	1	9	81	10	39	20	161	0
0.809	1	6	81	10	91	20	161	1
0.809	1	13	81	10	94	20	161	1
0.81	1	2	82	1	50	20	161	0
0.81	1	11	82	1	58	20	161	0
0.81	1	3	82	1	96	20	161	1
0.81	1	14	82	1	1	20	161	1
0.811	1	10	82	2	63	20	161	0
0.811	1	8	82	2	71	20	161	0
0.811	1	15	82	2	12	20	161	1
0.811	1	5	82	2	20	20	161	1
0.812	1	4	82	3	78	20	161	0
0.812	1	12	82	3	82	20	161	0
0.812	1	7	82	3	29	20	161	1
0.812	1	9	82	3	39	20	161	1
0.813	1	1	82	4	87	20	161	0
0.813	1	6	82	4	91	20	161	0
0.813	1	2	82	4	50	20	161	1
0.813	1	11	82	4	58	20	161	1
0.814	1	13	82	5	94	20	161	0
0.814	1	3	82	5	96	20	161	0
0.814	1	10	82	5	63	20	161	1
0.814	1	8	82	5	71	20	161	1
0.815	1	14	82	6	1	20	161	0
0.815	1	15	82	6	12	20	161	0
0.815	1	4	82	6	78	20	161	1
0.815	1	12	82	6	82	20	161	1
0.816	1	5	82	7	20	20	161	0
0.816	1	7	82	7	29	20	161	0
0.816	1	1	82	7	87	20	161	1
0.816	1	6	82	7	91	20	161	1
0.817	1	9	82	8	39	20	161	0
0.817	1	2	82	8	50	20	161	0
0.817	1	13	82	8	94	20	161	1
0.817	1	3	82	8	96	20	161	1
0.818	1	11	82	9	58	20	161	0
0.818	1	10	82	9	63	20	161	0
0.818	1	14	82	9	1	20	161	1
0.818	1	15	82	9	12	20	161	1
0.819	1	8	82	10	71	20	161	0
0.819	1	4	82	10	78	20	161	0
0.819	1	5	82	10	20	20	161	1
0.819	1	7	82	10	29	20	161	1
0.82	1	12	83	1	82	20	161	0
0.82	1	1	83	1	87	20	161	0
0.82	1	9	83	1	39	20	161	1
0.82	1	2	83	1	50	20	161	1
0.821	1	6	83	2	91	20	161	0
0.821	1	13	83	2	94	20	161	0
0.821	1	11	83	2	58	20	161	1
0.821	1	10	83	2	63	20	161	1
0.822	1	3	83	3	96	20	161	0
0.822	1	14	83	3	1	20	161	0
0.822	1	8	83	3	71	20	161	1
0.822	1	4	83	3	78	20	161	1
0.823	1	15	83	4	12	20	161	0
0.823	1	5	83	4	20	20	161	0
0.823	1	12	83	4	82	20	161	1
0.823	1	1	83	4	87	20	161	1
0.824	1	7	83	5	29	20	161	0
0.824	1	9	83	5	39	20	161	0
0.824	1	6	83	5	91	20	161	1
0.824	1	13	83	5	94	20	161	1
0.825	1	2	83	6	50	20	161	0
0.825	1	11	83	6	58	20	161	0
0.825	1	3	83	6	96	20	161	1
0.825	1	14	83	6	1	20	161	1
0.826	1	10	83	7	63	20	161	0
0.826	1	8	83	7	71	20	161	0
0.826	1	15	83	7	12	20	161	1
0.826	1	5	83	7	20	20	161	1
0.827	1	4	83	8	78	20	161	0
0.827	1	12	83	8	82	20	161	0
0.827	1	7	83	8	29	20	161	1
0.827	1	9	83	8	39	20	161	1
0.828	1	1	83	9	87	20	161	0
0.828	1	6	83	9	91	20	161	0
0.828	1	2	83	9	50	20	161	1
0.828	1	11	83	9	58	20	161	1
0.829	1	13	83	10	94	20	161	0
0.829	1	3	83	10	96	20	161	0
0.829	1	10	83	10	63	20	161	1
0.829	1	8	83	10	71	20	161	1
0.83	1	14	84	1	1	20	161	0
0.83	1	15	84	1	12	20	161	0
0.83	1	4	84	1	78	20	161	1
0.83	1	12	84	1	82	20	161	1
0.831	1	5	84	2	20	20	161	0
0.831	1	7	84	2	29	20	161	0
0.831	1	1	84	2	87	20	161	1
0.831	1	6	84	2	91	20	161	1
0.832	1	9	84	3	39	20	161	0
0.832	1	2	84	3	50	20	161	0
0.832	1	13	84	3	94	20	161	1
0.832	1	3	84	3	96	20	161	1
0.833	1	11	84	4	58	20	161	0
0.833	1	10	84	4	63	20	161	0
0.833	1	14	84	4	1	20	161	1
0.833	1	15	84	4	12	20	161	1
0.834	1	8	84	5	71	20	161	0
0.834	1	4	84	5	78	20	161	0
0.834	1	5	84	5	20	20	161	1
0.834	1	7	84	5	29	20	161	1
0.835	1	12	84	6	82	20	161	0
0.835	1	1	84	6	87	20	161	0
0.835	1	9	84	6	39	20	161	1
0.835	1	2	84	6	50	20	161	1
0.836	1	6	84	7	91	20	161	0
0.836	1	13	84	7	94	20	161	0
0.836	1	11	84	7	58	20	161	1
0.836	1	10	84	7	63	20	161	1
0.837	1	3	84	8	96	20	161	0
0.837	1	14	84	8	1	20	161	0
0.837	1	8	84	8	71	20	161	1
0.837	1	4	84	8	78	20	161	1
0.838	1	15	84	9	12	20	161	0
0.838	1	5	84	9	20	20	161	0
0.838	1	12	84	9	82	20	161	1
0.838	1	1	84	9	87	20	161	1
0.839	1	7	84	10	29	20	161	0
0.839	1	9	84	10	39	20	161	0
0.839	1	6	84	10	91	20	161	1
0.839	1	13	84	10	94	20	161	1
0.84	1	2	85	1	50	20	161	0
0.84	1	11	85	1	58	20	161	0
0.84	1	3	85	1	96	20	161	1
0.84	1	14	85	1	1	20	161	1
0.841	1	10	85	2	63	20	161	0
0.841	1	8	85	2	71	20	161	0
0.841	1	15	85	2	12	20	161	1
0.841	1	5	85	2	20	20	161	1
0.842	1	4	85	3	78	20	161	0
0.842	1	12	85	3	82	20	161	0
0.842	1	7	85	3	29	20	161	1
0.842	1	9	85	3	39	20	161	1
0.843	1	1	85	4	87	20	161	0
0.843	1	6	85	4	91	20	161	0
0.843	1	2	85	4	50	20	161	1
0.843	1	11	85	4	58	20	161	1
0.844	1	13	85	5	94	20	161	0
0.844	1	3	85	5	96	20	161	0
0.844	1	10	85	5	63	20	161	1
0.844	1	8	85	5	71	20	161	1
0.845	1	14	85	6	1	20	161	0
0.845	1	15	85	6	12	20	161	0
0.845	1	4	85	6	78	20	161	1
0.845	1	12	85	6	82	20	161	1
0.846	1	5	85	7	20	20	161	0
0.846	1	7	85	7	29	20	161	0
0.846	1	1	85	7	87	20	161	1
0.846	1	6	85	7	91	20	161	1
0.847	1	9	85	8	39	20	161	0
0.847	1	2	85	8	50	20	161	0
0.847	1	13	85	8	94	20	161	1
0.847	1	3	85	8	96	20	161	1
0.848	1	11	85	9	58	20	161	0
0.848	1	10	85	9	63	20	161	0
0.848	1	14	85	9	1	20	161	1
0.848	1	15	85	9	12	20	161	1
0.849	1	8	85	10	71	20	161	0
0.849	1	4	85	10	78	20	161	0
0.849	1	5	85	10	20	20	161	1
0.849	1	7	85	10	29	20	161	1
0.85	1	12	86	1	82	20	161	0
0.85	1	1	86	1	87	20	161	0
0.85	1	9	86	1	39	20	161	1
0.85	1	2	86	1	50	20	161	1
0.851	1	6	86	2	91	20	161	0
0.851	1	13	86	2	94	20	161	0
0.851	1	11	86	2	58	20	161	1
0.851	1	10	86	2	63	20	161	1
0.852	1	3	86	3	96	20	161	0
0.852	1	14	86	3	1	20	161	0
0.852	1	8	86	3	71	20	161	1
0.852	1	4	86	3	78	20	161	1
0.853	1	15	86	4	12	20	161	0
0.853	1	5	86	4	20	20	161	0
0.853	1	12	86	4	82	20	161	1
0.853	1	1	86	4	87	20	161	1
0.854	1	7	86	5	29	20	161	0
0.854	1	9	86	5	39	20	161	0
0.854	1	6	86	5	91	20	161	1
0.854	1	13	86	5	94	20	161	1
0.855	1	2	86	6	50	20	161	0
0.855	1	11	86	6	58	20	161	0
0.855	1	3	86	6	96	20	161	1
0.855	1	14	86	6	1	20	161	1
0.856	1	10	86	7	63	20	161	0
0.856	1	8	86	7	71	20	161	0
0.856	1	15	86	7	12	20	161	1
0.856	1	5	86	7	20	20	161	1
0.857	1	4	86	8	78	20	161	0
0.857	1	12	86	8	82	20	161	0
0.857	1	7	86	8	29	20	161	1
0.857	1	9	86	8	39	20	161	1
0.858	1	1	86	9	87	20	161	0
0.858	1	6	86	9	91	20	161	0
0.858	1	2	86	9	50	20	161	1
0.858	1	11	86	9	58	20	161	1
0.859	1	13	86	10	94	20	161	0
0.859	1	3	86	10	96	20	161	0
0.859	1	10	86	10	63	20	161	1
0.859	1	8	86	10	71	20	161	1
0.86	1	14	87	1	1	20	161	0
0.86	1	15	87	1	12	20	161	0
0.86	1	4	87	1	78	20	161	1
0.86	1	12	87	1	82	20	161	1
0.861	1	5	87	2	20	20	161	0
0.861	1	7	87	2	29	20	161	0
0.861	1	1	87	2	87	20	161	1
0.861	1	6	87	2	91	20	161	1
0.862	1	9	87	3	39	20	161	0
0.862	1	2	87	3	50	20	161	0
0.862	1	13	87	3	94	20	161	1
0.862	1	3	87	3	96	20	161	1
0.863	1	11	87	4	58	20	161	0
0.863	1	10	87	4	63	20	161	0
0.863	1	14	87	4	1	20	161	1
0.863	1	15	87	4	12	20	161	1
0.864	1	8	87	5	71	20	161	0
0.864	1	4	87	5	78	20	161	0
0.864	1	5	87	5	20	20	161	1
0.864	1	7	87	5	29	20	161	1
0.865	1	12	87	6	82	20	161	0
0.865	1	1	87	6	87	20	161	0
0.865	1	9	87	6	39	20	161	1
0.865	1	2	87	6	50	20	161	1
0.866	1	6	87	7	91	20	161	0
0.866	1	13	87	7	94	20	161	0
0.866	1	11	87	7	58	20	161	1
0.866	1	10	87	7	63	20	161	1
0.867	1	3	87	8	96	20	161	0
0.867	1	14	87	8	1	20	161	0
0.867	1	8	87	8	71	20	161	1
0.867	1	4	87	8	78	20	161	1
0.868	1	15	87	9	12	20	161	0
0.868	1	5	87	9	20	20	161	0
0.868	1	12	87	9	82	20	161	1
0.868	1	1	87	9	87	20	161	1
0.869	1	7	87	10	29	20	161	0
0.869	1	9	87	10	39	20	161	0
0.869	1	6	87	10	91	20	161	1
0.869	1	13	87	10	94	20	161	1
0.87	1	2	88	1	50	20	161	0
0.87	1	11	88	1	58	20	161	0
0.87	1	3	88	1	96	20	161	1
0.87	1	14	88	1	1	20	161	1
0.871	1	10	88	2	63	20	161	0
0.871	1	8	88	2	71	20	161	0
0.871	1	15	88	2	12	20	161	1
0.871	1	5	88	2	20	20	161	1
0.872	1	4	88	3	78	20	161	0
0.872	1	12	88	3	82	20	161	0
0.872	1	7	88	3	29	20	161	1
0.872	1	9	88	3	39	20	161	1
0.873	1	1	88	4	87	20	161	0
0.873	1	6	88	4	91	20	161	0
0.873	1	2	88	4	50	20	161	1
0.873	1	11	88	4	58	20	161	1
0.874	1	13	88	5	94	20	161	0
0.874	1	3	88	5	96	20	161	0
0.874	1	10	88	5	63	20	161	1
0.874	1	8	88	5	71	20	161	1
0.875	1	14	88	6	1	20	161	0
0.875	1	15	88	6	12	20	161	0
0.875	1	4	88	6	78	20	161	1
0.875	1	12	88	6	82	20	161	1
0.876	1	5	88	7	20	20	161	0
0.876	1	7	88	7	29	20	161	0
0.876	1	1	88	7	87	20	161	1
0.876	1	6	88	7	91	20	161	1
0.877	1	9	88	8	39	20	161	0
0.877	1	2	88	8	50	20	161	0
0.877	1	13	88	8	94	20	161	1
0.877	1	3	88	8	96	20	161	1
0.878	1	11	88	9	58	20	161	0
0.878	1	10	88	9	63	20	161	0
0.878	1	14	88	9	1	20	161	1
0.878	1	15	88	9	12	20	161	1
0.879	1	8	88	10	71	20	161	0
0.879	1	4	88	10	78	20	161	0
0.879	1	5	88	10	20	20	161	1
0.879	1	7	88	10	29	20	161	1
0.88	1	12	89	1	82	20	161	0
0.88	1	1	89	1	87	20	161	0
0.88	1	9	89	1	39	20	161	1
0.88	1	2	89	1	50	20	161	1
0.881	1	6	89	2	91	20	161	0
0.881	1	13	89	2	94	20	161	0
0.881	1	11	89	2	58	20	161	1
0.881	1	10	89	2	63	20	161	1
0.882	1	3	89	3	96	20	161	0
0.882	1	14	89	3	1	20	161	0
0.882	1	8	89	3	71	20	161	1
0.882	1	4	89	3	78	20	161	1
0.883	1	15	89	4	12	20	161	0
0.883	1	5	89	4	20	20	161	0
0.883	1	12	89	4	82	20	161	1
0.883	1	1	89	4	87	20	161	1
0.884	1	7	89	5	29	20	161	0
0.884	1	9	89	5	39	20	161	0
0.884	1	6	89	5	91	20	161	1
0.884	1	13	89	5	94	20	161	1
0.885	1	2	89	6	50	20	161	0
0.885	1	11	89	6	58	20	161	0
0.885	1	3	89	6	96	20	161	1
0.885	1	14	89	6	1	20	161	1
0.886	1	10	89	7	63	20	161	0
0.886	1	8	89	7	71	20	161	0
0.886	1	15	89	7	12	20	161	1
0.886	1	5	89	7	20	20	161	1
0.887	1	4	89	8	78	20	161	0
0.887	1	12	89	8	82	20	161	0
0.887	1	7	89	8	29	20	161	1
0.887	1	9	89	8	39	20	161	1
0.888	1	1	89	9	87	20	161	0
0.888	1	6	89	9	91	20	161	0
0.888	1	2	89	9	50	20	161	1
0.888	1	11	89	9	58	20	161	1
0.889	1	13	89	10	94	20	161	0
0.889	1	3	89	10	96	20	161	0
0.889	1	10	89	10	63	20	161	1
0.889	1	8	89	10	71	20	161	1
0.89	1	14	90	1	1	20	161	0
0.89	1	15	90	1	12	20	161	0
0.89	1	4	90	1	78	20	161	1
0.89	1	12	90	1	82	20	161	1
0.891	1	5	90	2	20	20	161	0
0.891	1	7	90	2	29	20	161	0
0.891	1	1	90	2	87	20	161	1
0.891	1	6	90	2	91	20	161	1
0.892	1	9	90	3	39	20	161	0
0.892	1	2	90	3	50	20	161	0
0.892	1	13	90	3	94	20	161	1
0.892	1	3	90	3	96	20	161	1
0.893	1	11	90	4	58	20	161	0
0.893	1	10	90	4	63	20	161	0
0.893	1	14	90	4	1	20	161	1
0.893	1	15	90	4	12	20	161	1
0.894	1	8	90	5	71	20	161	0
0.894	1	4	90	5	78	20	161	0
0.894	1	5	90	5	20	20	161	1
0.894	1	7	90	5	29	20	161	1
0.895	1	12	90	6	82	20	161	0
0.895	1	1	90	6	87	20	161	0
0.895	1	9	90	6	39	20	161	1
0.895	1	2	90	6	50	20	161	1
0.896	1	6	90	7	91	20	161	0
0.896	1	13	90	7	94	20	161	0
0.896	1	11	90	7	58	20	161	1
0.896	1	10	90	7	63	20	161	1
0.897	1	3	90	8	96	20	161	0
0.897	1	14	90	8	1	20	161	0
0.897	1	8	90	8	71	20	161	1
0.897	1	4	90	8	78	20	161	1
0.898	1	15	90	9	12	20	161	0
0.898	1	5	90	9	20	20	161	0
0.898	1	12	90	9	82	20	161	1
0.898	1	1	90	9	87	20	161	1
0.899	1	7	90	10	29	20	161	0
0.899	1	9	90	10	39	20	161	0
0.899	1	6	90	10	91	20	161	1
0.899	1	13	90	10	94	20	161	1
