% time	cellId	IMSI	RNTI	layer	mcs	size	rv	ndi	ccId
32	1	14	1	0	0	19	0	1	0
32	2	14	1	0	0	19	0	1	1
33	1	14	1	0	0	19	0	1	0
33	2	14	1	0	0	19	0	1	1
34	1	14	1	0	0	19	0	1	0
34	2	14	1	0	0	19	0	1	1
35	2	14	1	0	0	19	0	1	1
36	1	14	1	0	0	19	0	1	0
36	2	14	1	0	0	19	0	1	1
37	1	15	12	0	0	7	0	1	0
37	1	14	1	0	0	7	0	1	0
37	2	14	1	0	0	7	0	1	1
37	2	15	12	0	0	7	0	1	1
38	1	15	12	0	0	7	0	1	0
38	1	14	1	0	0	7	0	1	0
38	2	14	1	0	0	7	0	1	1
38	2	15	12	0	0	7	0	1	1
39	1	15	12	0	0	7	0	1	0
39	1	14	1	0	20	161	0	1	0
39	2	14	1	0	0	7	0	1	1
39	2	15	12	0	0	7	0	1	1
40	1	15	12	0	0	7	0	1	0
40	1	14	1	0	20	161	0	1	0
40	2	14	1	0	0	7	0	1	1
40	2	15	12	0	0	7	0	1	1
41	2	14	1	0	0	7	0	1	1
41	2	15	12	0	0	7	0	1	1
42	1	15	12	0	0	7	0	1	0
42	1	14	1	0	20	161	0	1	0
42	2	14	1	0	0	7	0	1	1
42	2	15	12	0	0	7	0	1	1
43	1	15	12	0	0	7	0	1	0
43	1	14	1	0	20	161	0	1	0
43	2	14	1	0	0	7	0	1	1
43	2	15	12	0	0	7	0	1	1
44	1	5	20	0	0	7	0	1	0
44	1	14	1	0	20	161	0	1	0
44	2	14	1	0	0	7	0	1	1
44	2	5	20	0	0	7	0	1	1
45	1	5	20	0	0	7	0	1	0
45	1	15	12	0	0	7	0	1	0
45	2	15	12	0	0	7	0	1	1
45	2	5	20	0	0	7	0	1	1
46	1	14	1	0	20	161	0	1	0
46	2	14	1	0	0	7	0	1	1
46	2	15	12	0	0	7	0	1	1
47	2	14	1	0	20	161	0	1	1
47	2	5	20	0	0	7	0	1	1
48	1	5	20	0	0	7	0	1	0
48	1	14	1	0	20	161	0	1	0
48	2	15	12	0	0	7	0	1	1
48	2	5	20	0	0	7	0	1	1
49	1	5	20	0	0	7	0	1	0
49	2	14	1	0	20	161	0	1	1
49	2	15	12	0	0	7	0	1	1
50	1	7	29	0	0	7	0	1	0
50	1	14	1	0	20	161	0	1	0
50	2	7	29	0	0	7	0	1	1
50	2	5	20	0	0	7	0	1	1
51	2	14	1	0	20	161	0	1	1
51	2	15	12	0	0	7	0	1	1
52	1	7	29	0	0	7	0	1	0
52	1	14	1	0	20	161	0	1	0
52	2	7	29	0	0	7	0	1	1
52	2	5	20	0	0	7	0	1	1
53	2	14	1	0	20	161	0	1	1
53	2	15	12	0	0	7	0	1	1
54	2	7	29	0	0	7	0	1	1
54	2	5	20	0	0	7	0	1	1
55	1	7	29	0	0	7	0	1	0
55	1	9	39	0	0	7	0	1	0
55	2	14	1	0	20	161	0	1	1
55	2	15	12	0	0	7	0	1	1
56	1	14	1	0	20	161	0	1	0
56	2	7	29	0	0	7	0	1	1
56	2	5	20	0	0	7	0	1	1
57	2	14	1	0	20	161	0	1	1
57	2	9	39	0	0	7	0	1	1
58	1	9	39	0	0	7	0	1	0
58	1	14	1	0	20	161	0	1	0
58	2	15	12	0	20	161	0	1	1
58	2	5	20	0	0	7	0	1	1
59	2	7	29	0	0	7	0	1	1
59	2	9	39	0	0	7	0	1	1
60	1	15	12	0	20	161	0	1	0
60	2	14	1	0	20	161	0	1	1
60	2	15	12	0	20	161	0	1	1
61	1	9	39	0	0	7	0	1	0
61	2	7	29	0	0	7	0	1	1
61	2	5	20	0	0	7	0	1	1
62	1	2	50	0	20	161	0	1	0
62	1	14	1	0	20	161	0	1	0
62	2	9	39	0	0	7	0	1	1
62	2	2	50	0	20	161	0	1	1
63	1	15	12	0	20	161	0	1	0
63	2	14	1	0	20	161	0	1	1
63	2	15	12	0	20	161	0	1	1
64	1	9	39	0	0	7	0	1	0
64	2	7	29	0	0	7	0	1	1
64	2	5	20	0	0	7	0	1	1
65	2	9	39	0	0	7	0	1	1
65	2	2	50	0	20	161	0	1	1
66	1	2	50	0	20	161	0	1	0
66	1	14	1	0	20	161	0	1	0
66	2	14	1	0	20	161	0	1	1
66	2	15	12	0	20	161	0	1	1
67	1	5	20	0	20	161	0	1	0
67	1	15	12	0	20	161	0	1	0
67	2	7	29	0	0	7	0	1	1
67	2	5	20	0	20	161	0	1	1
68	2	9	39	0	0	7	0	1	1
68	2	2	50	0	20	161	0	1	1
69	1	2	50	0	20	161	0	1	0
69	1	11	58	0	20	161	0	1	0
69	2	14	1	0	20	161	0	1	1
69	2	11	58	0	20	161	0	1	1
70	1	15	12	0	20	161	0	1	0
70	1	14	1	0	20	161	0	1	0
70	2	15	12	0	20	161	0	1	1
70	2	5	20	0	20	161	0	1	1
71	2	7	29	0	0	7	0	1	1
71	2	9	39	0	0	7	0	1	1
72	1	5	20	0	20	161	0	1	0
72	2	11	58	0	20	161	0	1	1
72	2	2	50	0	20	161	0	1	1
73	1	2	50	0	20	161	0	1	0
73	2	14	1	0	20	161	0	1	1
73	2	15	12	0	20	161	0	1	1
74	1	10	63	0	0	7	0	1	0
74	1	11	58	0	20	161	0	1	0
74	2	7	29	0	0	7	0	1	1
74	2	5	20	0	20	161	0	1	1
75	1	15	12	0	20	161	0	1	0
75	1	14	1	0	20	161	0	1	0
75	2	9	39	0	0	7	0	1	1
75	2	2	50	0	20	161	0	1	1
76	1	7	29	0	20	161	0	1	0
76	1	5	20	0	20	161	0	1	0
76	2	11	58	0	20	161	0	1	1
76	2	10	63	0	0	7	0	1	1
77	2	14	1	0	20	161	0	1	1
77	2	15	12	0	20	161	0	1	1
78	1	2	50	0	20	161	0	1	0
78	2	7	29	0	20	161	0	1	1
78	2	5	20	0	20	161	0	1	1
79	1	10	63	0	0	7	0	1	0
79	1	11	58	0	20	161	0	1	0
79	2	9	39	0	0	7	0	1	1
79	2	2	50	0	20	161	0	1	1
80	1	8	71	0	0	7	0	1	0
80	1	14	1	0	20	161	0	1	0
80	2	11	58	0	20	161	0	1	1
80	2	10	63	0	0	7	0	1	1
81	1	5	20	0	20	161	0	1	0
81	1	15	12	0	20	161	0	1	0
81	2	14	1	0	20	161	0	1	1
81	2	8	71	0	0	7	0	1	1
82	1	7	29	0	20	161	0	1	0
82	2	15	12	0	20	161	0	1	1
82	2	5	20	0	20	161	0	1	1
83	2	7	29	0	20	161	0	1	1
83	2	9	39	0	0	7	0	1	1
84	1	2	50	0	20	161	0	1	0
84	1	11	58	0	20	161	0	1	0
84	2	11	58	0	20	161	0	1	1
84	2	2	50	0	20	161	0	1	1
85	1	8	71	0	0	7	0	1	0
85	2	10	63	0	0	7	0	1	1
85	2	8	71	0	0	7	0	1	1
86	1	4	78	0	0	7	0	1	0
86	1	14	1	0	20	161	0	1	0
86	2	14	1	0	20	161	0	1	1
86	2	4	78	0	0	7	0	1	1
87	1	5	20	0	20	161	0	1	0
87	1	15	12	0	20	161	0	1	0
87	2	15	12	0	20	161	0	1	1
87	2	5	20	0	20	161	0	1	1
88	1	7	29	0	20	161	0	1	0
88	1	9	39	0	20	161	0	1	0
88	2	7	29	0	20	161	0	1	1
88	2	9	39	0	20	161	0	1	1
89	2	11	58	0	20	161	0	1	1
89	2	2	50	0	20	161	0	1	1
90	1	2	50	0	20	161	0	1	0
90	1	11	58	0	20	161	0	1	0
90	2	10	63	0	20	161	0	1	1
90	2	8	71	0	0	7	0	1	1
91	1	10	63	0	20	161	0	1	0
91	2	12	82	0	20	161	0	1	1
91	2	4	78	0	0	7	0	1	1
92	1	12	82	0	20	161	0	1	0
92	1	4	78	0	0	7	0	1	0
92	2	14	1	0	20	161	0	1	1
92	2	15	12	0	20	161	0	1	1
93	1	15	12	0	20	161	0	1	0
93	1	14	1	0	20	161	0	1	0
93	2	7	29	0	20	161	0	1	1
93	2	5	20	0	20	161	0	1	1
94	1	7	29	0	20	161	0	1	0
94	1	5	20	0	20	161	0	1	0
94	2	9	39	0	20	161	0	1	1
94	2	2	50	0	20	161	0	1	1
95	2	11	58	0	20	161	0	1	1
95	2	10	63	0	20	161	0	1	1
96	1	2	50	0	20	161	0	1	0
96	1	9	39	0	20	161	0	1	0
96	2	4	78	0	0	7	0	1	1
96	2	8	71	0	20	161	0	1	1
97	1	10	63	0	20	161	0	1	0
97	1	11	58	0	20	161	0	1	0
97	2	1	87	0	20	161	0	1	1
97	2	12	82	0	20	161	0	1	1
98	1	8	71	0	20	161	0	1	0
98	2	14	1	0	20	161	0	1	1
98	2	15	12	0	20	161	0	1	1
99	1	1	87	0	20	161	0	1	0
99	1	12	82	0	20	161	0	1	0
99	2	7	29	0	20	161	0	1	1
99	2	5	20	0	20	161	0	1	1
100	1	15	12	0	20	161	0	1	0
100	1	14	1	0	20	161	0	1	0
100	2	9	39	0	20	161	0	1	1
100	2	2	50	0	20	161	0	1	1
101	2	11	58	0	20	161	0	1	1
101	2	10	63	0	20	161	0	1	1
102	1	7	29	0	20	161	0	1	0
102	1	5	20	0	20	161	0	1	0
102	2	4	78	0	0	7	0	1	1
102	2	8	71	0	20	161	0	1	1
103	1	2	50	0	20	161	0	1	0
103	1	9	39	0	20	161	0	1	0
103	2	1	87	0	20	161	0	1	1
103	2	12	82	0	20	161	0	1	1
104	1	10	63	0	20	161	0	1	0
104	1	11	58	0	20	161	0	1	0
104	2	14	1	0	20	161	0	1	1
104	2	6	91	0	20	161	0	1	1
105	1	8	71	0	20	161	0	1	0
105	1	4	78	0	20	161	0	1	0
105	2	15	12	0	20	161	0	1	1
105	2	5	20	0	20	161	0	1	1
106	1	1	87	0	20	161	0	1	0
106	1	12	82	0	20	161	0	1	0
106	2	7	29	0	20	161	0	1	1
106	2	9	39	0	20	161	0	1	1
107	2	11	58	0	20	161	0	1	1
107	2	2	50	0	20	161	0	1	1
108	1	6	91	0	20	161	0	1	0
108	1	14	1	0	20	161	0	1	0
108	2	10	63	0	20	161	0	1	1
108	2	8	71	0	20	161	0	1	1
109	1	5	20	0	20	161	0	1	0
109	1	15	12	0	20	161	0	1	0
109	2	12	82	0	20	161	0	1	1
109	2	4	78	0	20	161	0	1	1
110	1	7	29	0	20	161	0	1	0
110	1	9	39	0	20	161	0	1	0
110	2	1	87	0	20	161	0	1	1
110	2	6	91	0	20	161	0	1	1
111	1	2	50	0	20	161	0	1	0
111	1	11	58	0	20	161	0	1	0
111	2	14	1	0	20	161	0	1	1
111	2	13	94	0	0	7	0	1	1
112	1	10	63	0	20	161	0	1	0
112	1	8	71	0	20	161	0	1	0
112	2	15	12	0	20	161	0	1	1
112	2	5	20	0	20	161	0	1	1
113	1	12	82	0	20	161	0	1	0
113	1	4	78	0	20	161	0	1	0
113	2	7	29	0	20	161	0	1	1
113	2	9	39	0	20	161	0	1	1
114	1	6	91	0	20	161	0	1	0
114	1	1	87	0	20	161	0	1	0
114	2	11	58	0	20	161	0	1	1
114	2	2	50	0	20	161	0	1	1
115	1	3	96	0	0	7	0	1	0
115	1	13	94	0	0	7	0	1	0
115	2	10	63	0	20	161	0	1	1
115	2	8	71	0	20	161	0	1	1
116	1	15	12	0	20	161	0	1	0
116	1	14	1	0	20	161	0	1	0
116	2	12	82	0	20	161	0	1	1
116	2	4	78	0	20	161	0	1	1
117	1	7	29	0	20	161	0	1	0
117	1	5	20	0	20	161	0	1	0
117	2	1	87	0	20	161	0	1	1
117	2	6	91	0	20	161	0	1	1
118	1	2	50	0	20	161	0	1	0
118	1	9	39	0	20	161	0	1	0
118	2	3	96	0	0	7	0	1	1
118	2	13	94	0	0	7	0	1	1
119	1	10	63	0	20	161	0	1	0
119	1	11	58	0	20	161	0	1	0
119	2	14	1	0	20	161	0	1	1
119	2	15	12	0	20	161	0	1	1
120	1	8	71	0	20	161	0	1	0
120	1	4	78	0	20	161	0	1	0
120	2	7	29	0	20	161	0	1	1
120	2	5	20	0	20	161	0	1	1
121	1	1	87	0	20	161	0	1	0
121	1	12	82	0	20	161	0	1	0
121	2	9	39	0	20	161	0	1	1
121	2	2	50	0	20	161	0	1	1
122	1	6	91	0	20	161	0	1	0
122	1	13	94	0	0	7	0	1	0
122	2	11	58	0	20	161	0	1	1
122	2	10	63	0	20	161	0	1	1
123	1	3	96	0	0	7	0	1	0
123	1	14	1	0	20	161	0	1	0
123	2	4	78	0	20	161	0	1	1
123	2	8	71	0	20	161	0	1	1
124	1	5	20	0	20	161	0	1	0
124	1	15	12	0	20	161	0	1	0
124	2	1	87	0	20	161	0	1	1
124	2	12	82	0	20	161	0	1	1
125	1	7	29	0	20	161	0	1	0
125	1	9	39	0	20	161	0	1	0
125	2	13	94	0	0	7	0	1	1
125	2	6	91	0	20	161	0	1	1
126	1	2	50	0	20	161	0	1	0
126	1	11	58	0	20	161	0	1	0
126	2	14	1	0	20	161	0	1	1
126	2	3	96	0	0	7	0	1	1
127	1	10	63	0	20	161	0	1	0
127	1	8	71	0	20	161	0	1	0
127	2	15	12	0	20	161	0	1	1
127	2	5	20	0	20	161	0	1	1
128	1	12	82	0	20	161	0	1	0
128	1	4	78	0	20	161	0	1	0
128	2	7	29	0	20	161	0	1	1
128	2	9	39	0	20	161	0	1	1
129	1	6	91	0	20	161	0	1	0
129	1	1	87	0	20	161	0	1	0
129	2	11	58	0	20	161	0	1	1
129	2	2	50	0	20	161	0	1	1
130	1	13	94	0	20	161	0	1	0
130	2	10	63	0	20	161	0	1	1
130	2	8	71	0	20	161	0	1	1
131	1	15	12	0	20	161	0	1	0
131	1	14	1	0	20	161	0	1	0
131	2	12	82	0	20	161	0	1	1
131	2	4	78	0	20	161	0	1	1
132	1	7	29	0	20	161	0	1	0
132	1	5	20	0	20	161	0	1	0
132	2	1	87	0	20	161	0	1	1
132	2	6	91	0	20	161	0	1	1
133	1	2	50	0	20	161	0	1	0
133	1	9	39	0	20	161	0	1	0
133	2	3	96	0	20	161	0	1	1
133	2	13	94	0	20	161	0	1	1
134	1	10	63	0	20	161	0	1	0
134	1	11	58	0	20	161	0	1	0
134	2	14	1	0	20	161	0	1	1
134	2	15	12	0	20	161	0	1	1
135	1	8	71	0	20	161	0	1	0
135	1	4	78	0	20	161	0	1	0
135	2	7	29	0	20	161	0	1	1
135	2	5	20	0	20	161	0	1	1
136	1	1	87	0	20	161	0	1	0
136	1	12	82	0	20	161	0	1	0
136	2	9	39	0	20	161	0	1	1
136	2	2	50	0	20	161	0	1	1
137	1	6	91	0	20	161	0	1	0
137	1	13	94	0	20	161	0	1	0
137	2	11	58	0	20	161	0	1	1
137	2	10	63	0	20	161	0	1	1
138	1	3	96	0	20	161	0	1	0
138	1	14	1	0	20	161	0	1	0
138	2	4	78	0	20	161	0	1	1
138	2	8	71	0	20	161	0	1	1
139	1	5	20	0	20	161	0	1	0
139	1	15	12	0	20	161	0	1	0
139	2	1	87	0	20	161	0	1	1
139	2	12	82	0	20	161	0	1	1
140	1	7	29	0	20	161	0	1	0
140	1	9	39	0	20	161	0	1	0
140	2	13	94	0	20	161	0	1	1
140	2	6	91	0	20	161	0	1	1
141	1	2	50	0	20	161	0	1	0
141	1	11	58	0	20	161	0	1	0
141	2	14	1	0	20	161	0	1	1
141	2	3	96	0	20	161	0	1	1
142	1	10	63	0	20	161	0	1	0
142	1	8	71	0	20	161	0	1	0
142	2	15	12	0	20	161	0	1	1
142	2	5	20	0	20	161	0	1	1
143	1	12	82	0	20	161	0	1	0
143	1	4	78	0	20	161	0	1	0
143	2	7	29	0	20	161	0	1	1
143	2	9	39	0	20	161	0	1	1
144	1	6	91	0	20	161	0	1	0
144	1	1	87	0	20	161	0	1	0
144	2	11	58	0	20	161	0	1	1
144	2	2	50	0	20	161	0	1	1
145	1	3	96	0	20	161	0	1	0
145	1	13	94	0	20	161	0	1	0
145	2	10	63	0	20	161	0	1	1
145	2	8	71	0	20	161	0	1	1
146	1	15	12	0	20	161	0	1	0
146	1	14	1	0	20	161	0	1	0
146	2	12	82	0	20	161	0	1	1
146	2	4	78	0	20	161	0	1	1
147	1	7	29	0	20	161	0	1	0
147	1	5	20	0	20	161	0	1	0
147	2	1	87	0	20	161	0	1	1
147	2	6	91	0	20	161	0	1	1
148	1	2	50	0	20	161	0	1	0
148	1	9	39	0	20	161	0	1	0
148	2	3	96	0	20	161	0	1	1
148	2	13	94	0	20	161	0	1	1
149	1	10	63	0	20	161	0	1	0
149	1	11	58	0	20	161	0	1	0
149	2	14	1	0	20	161	0	1	1
149	2	15	12	0	20	161	0	1	1
150	1	8	71	0	20	161	0	1	0
150	1	4	78	0	20	161	0	1	0
150	2	7	29	0	20	161	0	1	1
150	2	5	20	0	20	161	0	1	1
151	1	1	87	0	20	161	0	1	0
151	1	12	82	0	20	161	0	1	0
151	2	9	39	0	20	161	0	1	1
151	2	2	50	0	20	161	0	1	1
152	1	6	91	0	20	161	0	1	0
152	1	13	94	0	20	161	0	1	0
152	2	11	58	0	20	161	0	1	1
152	2	10	63	0	20	161	0	1	1
153	1	3	96	0	20	161	0	1	0
153	1	14	1	0	20	161	0	1	0
153	2	4	78	0	20	161	0	1	1
153	2	8	71	0	20	161	0	1	1
154	1	5	20	0	20	161	0	1	0
154	1	15	12	0	20	161	0	1	0
154	2	1	87	0	20	161	0	1	1
154	2	12	82	0	20	161	0	1	1
155	1	7	29	0	20	161	0	1	0
155	1	9	39	0	20	161	0	1	0
155	2	13	94	0	20	161	0	1	1
155	2	6	91	0	20	161	0	1	1
156	1	2	50	0	20	161	0	1	0
156	1	11	58	0	20	161	0	1	0
156	2	14	1	0	20	161	0	1	1
156	2	3	96	0	20	161	0	1	1
157	1	10	63	0	20	161	0	1	0
157	1	8	71	0	20	161	0	1	0
157	2	15	12	0	20	161	0	1	1
157	2	5	20	0	20	161	0	1	1
158	1	12	82	0	20	161	0	1	0
158	1	4	78	0	20	161	0	1	0
158	2	7	29	0	20	161	0	1	1
158	2	9	39	0	20	161	0	1	1
159	1	6	91	0	20	161	0	1	0
159	1	1	87	0	20	161	0	1	0
159	2	11	58	0	20	161	0	1	1
159	2	2	50	0	20	161	0	1	1
160	1	3	96	0	20	161	0	1	0
160	1	13	94	0	20	161	0	1	0
160	2	10	63	0	20	161	0	1	1
160	2	8	71	0	20	161	0	1	1
161	1	15	12	0	20	161	0	1	0
161	1	14	1	0	20	161	0	1	0
161	2	12	82	0	20	161	0	1	1
161	2	4	78	0	20	161	0	1	1
162	1	7	29	0	20	161	0	1	0
162	1	5	20	0	20	161	0	1	0
162	2	1	87	0	20	161	0	1	1
162	2	6	91	0	20	161	0	1	1
163	1	2	50	0	20	161	0	1	0
163	1	9	39	0	20	161	0	1	0
163	2	3	96	0	20	161	0	1	1
163	2	13	94	0	20	161	0	1	1
164	1	10	63	0	20	161	0	1	0
164	1	11	58	0	20	161	0	1	0
164	2	14	1	0	20	161	0	1	1
164	2	15	12	0	20	161	0	1	1
165	1	8	71	0	20	161	0	1	0
165	1	4	78	0	20	161	0	1	0
165	2	7	29	0	20	161	0	1	1
165	2	5	20	0	20	161	0	1	1
166	1	1	87	0	20	161	0	1	0
166	1	12	82	0	20	161	0	1	0
166	2	9	39	0	20	161	0	1	1
166	2	2	50	0	20	161	0	1	1
167	1	6	91	0	20	161	0	1	0
167	1	13	94	0	20	161	0	1	0
167	2	11	58	0	20	161	0	1	1
167	2	10	63	0	20	161	0	1	1
168	1	3	96	0	20	161	0	1	0
168	1	14	1	0	20	161	0	1	0
168	2	4	78	0	20	161	0	1	1
168	2	8	71	0	20	161	0	1	1
169	1	5	20	0	20	161	0	1	0
169	1	15	12	0	20	161	0	1	0
169	2	1	87	0	20	161	0	1	1
169	2	12	82	0	20	161	0	1	1
170	1	7	29	0	20	161	0	1	0
170	1	9	39	0	20	161	0	1	0
170	2	13	94	0	20	161	0	1	1
170	2	6	91	0	20	161	0	1	1
171	1	2	50	0	20	161	0	1	0
171	1	11	58	0	20	161	0	1	0
171	2	14	1	0	20	161	0	1	1
171	2	3	96	0	20	161	0	1	1
172	1	10	63	0	20	161	0	1	0
172	1	8	71	0	20	161	0	1	0
172	2	15	12	0	20	161	0	1	1
172	2	5	20	0	20	161	0	1	1
173	1	12	82	0	20	161	0	1	0
173	1	4	78	0	20	161	0	1	0
173	2	7	29	0	20	161	0	1	1
173	2	9	39	0	20	161	0	1	1
174	1	6	91	0	20	161	0	1	0
174	1	1	87	0	20	161	0	1	0
174	2	11	58	0	20	161	0	1	1
174	2	2	50	0	20	161	0	1	1
175	1	3	96	0	20	161	0	1	0
175	1	13	94	0	20	161	0	1	0
175	2	10	63	0	20	161	0	1	1
175	2	8	71	0	20	161	0	1	1
176	1	15	12	0	20	161	0	1	0
176	1	14	1	0	20	161	0	1	0
176	2	12	82	0	20	161	0	1	1
176	2	4	78	0	20	161	0	1	1
177	1	7	29	0	20	161	0	1	0
177	1	5	20	0	20	161	0	1	0
177	2	1	87	0	20	161	0	1	1
177	2	6	91	0	20	161	0	1	1
178	1	2	50	0	20	161	0	1	0
178	1	9	39	0	20	161	0	1	0
178	2	3	96	0	20	161	0	1	1
178	2	13	94	0	20	161	0	1	1
179	1	10	63	0	20	161	0	1	0
179	1	11	58	0	20	161	0	1	0
179	2	14	1	0	20	161	0	1	1
179	2	15	12	0	20	161	0	1	1
180	1	8	71	0	20	161	0	1	0
180	1	4	78	0	20	161	0	1	0
180	2	7	29	0	20	161	0	1	1
180	2	5	20	0	20	161	0	1	1
181	1	1	87	0	20	161	0	1	0
181	1	12	82	0	20	161	0	1	0
181	2	9	39	0	20	161	0	1	1
181	2	2	50	0	20	161	0	1	1
182	1	6	91	0	20	161	0	1	0
182	1	13	94	0	20	161	0	1	0
182	2	11	58	0	20	161	0	1	1
182	2	10	63	0	20	161	0	1	1
183	1	3	96	0	20	161	0	1	0
183	1	14	1	0	20	161	0	1	0
183	2	4	78	0	20	161	0	1	1
183	2	8	71	0	20	161	0	1	1
184	1	5	20	0	20	161	0	1	0
184	1	15	12	0	20	161	0	1	0
184	2	1	87	0	20	161	0	1	1
184	2	12	82	0	20	161	0	1	1
185	1	7	29	0	20	161	0	1	0
185	1	9	39	0	20	161	0	1	0
185	2	13	94	0	20	161	0	1	1
185	2	6	91	0	20	161	0	1	1
186	1	2	50	0	20	161	0	1	0
186	1	11	58	0	20	161	0	1	0
186	2	14	1	0	20	161	0	1	1
186	2	3	96	0	20	161	0	1	1
187	1	10	63	0	20	161	0	1	0
187	1	8	71	0	20	161	0	1	0
187	2	15	12	0	20	161	0	1	1
187	2	5	20	0	20	161	0	1	1
188	1	12	82	0	20	161	0	1	0
188	1	4	78	0	20	161	0	1	0
188	2	7	29	0	20	161	0	1	1
188	2	9	39	0	20	161	0	1	1
189	1	6	91	0	20	161	0	1	0
189	1	1	87	0	20	161	0	1	0
189	2	11	58	0	20	161	0	1	1
189	2	2	50	0	20	161	0	1	1
190	1	3	96	0	20	161	0	1	0
190	1	13	94	0	20	161	0	1	0
190	2	10	63	0	20	161	0	1	1
190	2	8	71	0	20	161	0	1	1
191	1	15	12	0	20	161	0	1	0
191	1	14	1	0	20	161	0	1	0
191	2	12	82	0	20	161	0	1	1
191	2	4	78	0	20	161	0	1	1
192	1	7	29	0	20	161	0	1	0
192	1	5	20	0	20	161	0	1	0
192	2	1	87	0	20	161	0	1	1
192	2	6	91	0	20	161	0	1	1
193	1	2	50	0	20	161	0	1	0
193	1	9	39	0	20	161	0	1	0
193	2	3	96	0	20	161	0	1	1
193	2	13	94	0	20	161	0	1	1
194	1	10	63	0	20	161	0	1	0
194	1	11	58	0	20	161	0	1	0
194	2	14	1	0	20	161	0	1	1
194	2	15	12	0	20	161	0	1	1
195	1	8	71	0	20	161	0	1	0
195	1	4	78	0	20	161	0	1	0
195	2	7	29	0	20	161	0	1	1
195	2	5	20	0	20	161	0	1	1
196	1	1	87	0	20	161	0	1	0
196	1	12	82	0	20	161	0	1	0
196	2	9	39	0	20	161	0	1	1
196	2	2	50	0	20	161	0	1	1
197	1	6	91	0	20	161	0	1	0
197	1	13	94	0	20	161	0	1	0
197	2	11	58	0	20	161	0	1	1
197	2	10	63	0	20	161	0	1	1
198	1	3	96	0	20	161	0	1	0
198	1	14	1	0	20	161	0	1	0
198	2	4	78	0	20	161	0	1	1
198	2	8	71	0	20	161	0	1	1
199	1	5	20	0	20	161	0	1	0
199	1	15	12	0	20	161	0	1	0
199	2	1	87	0	20	161	0	1	1
199	2	12	82	0	20	161	0	1	1
200	1	7	29	0	20	161	0	1	0
200	1	9	39	0	20	161	0	1	0
200	2	13	94	0	20	161	0	1	1
200	2	6	91	0	20	161	0	1	1
201	1	2	50	0	20	161	0	1	0
201	1	11	58	0	20	161	0	1	0
201	2	14	1	0	20	161	0	1	1
201	2	3	96	0	20	161	0	1	1
202	1	10	63	0	20	161	0	1	0
202	1	8	71	0	20	161	0	1	0
202	2	15	12	0	20	161	0	1	1
202	2	5	20	0	20	161	0	1	1
203	1	12	82	0	20	161	0	1	0
203	1	4	78	0	20	161	0	1	0
203	2	7	29	0	20	161	0	1	1
203	2	9	39	0	20	161	0	1	1
204	1	6	91	0	20	161	0	1	0
204	1	1	87	0	20	161	0	1	0
204	2	11	58	0	20	161	0	1	1
204	2	2	50	0	20	161	0	1	1
205	1	3	96	0	20	161	0	1	0
205	1	13	94	0	20	161	0	1	0
205	2	10	63	0	20	161	0	1	1
205	2	8	71	0	20	161	0	1	1
206	1	15	12	0	20	161	0	1	0
206	1	14	1	0	20	161	0	1	0
206	2	12	82	0	20	161	0	1	1
206	2	4	78	0	20	161	0	1	1
207	1	7	29	0	20	161	0	1	0
207	1	5	20	0	20	161	0	1	0
207	2	1	87	0	20	161	0	1	1
207	2	6	91	0	20	161	0	1	1
208	1	2	50	0	20	161	0	1	0
208	1	9	39	0	20	161	0	1	0
208	2	3	96	0	20	161	0	1	1
208	2	13	94	0	20	161	0	1	1
209	1	10	63	0	20	161	0	1	0
209	1	11	58	0	20	161	0	1	0
209	2	14	1	0	20	161	0	1	1
209	2	15	12	0	20	161	0	1	1
210	1	8	71	0	20	161	0	1	0
210	1	4	78	0	20	161	0	1	0
210	2	7	29	0	20	161	0	1	1
210	2	5	20	0	20	161	0	1	1
211	1	1	87	0	20	161	0	1	0
211	1	12	82	0	20	161	0	1	0
211	2	9	39	0	20	161	0	1	1
211	2	2	50	0	20	161	0	1	1
212	1	6	91	0	20	161	0	1	0
212	1	13	94	0	20	161	0	1	0
212	2	11	58	0	20	161	0	1	1
212	2	10	63	0	20	161	0	1	1
213	1	3	96	0	20	161	0	1	0
213	1	14	1	0	20	161	0	1	0
213	2	4	78	0	20	161	0	1	1
213	2	8	71	0	20	161	0	1	1
214	1	5	20	0	20	161	0	1	0
214	1	15	12	0	20	161	0	1	0
214	2	1	87	0	20	161	0	1	1
214	2	12	82	0	20	161	0	1	1
215	1	7	29	0	20	161	0	1	0
215	1	9	39	0	20	161	0	1	0
215	2	13	94	0	20	161	0	1	1
215	2	6	91	0	20	161	0	1	1
216	1	2	50	0	20	161	0	1	0
216	1	11	58	0	20	161	0	1	0
216	2	14	1	0	20	161	0	1	1
216	2	3	96	0	20	161	0	1	1
217	1	10	63	0	20	161	0	1	0
217	1	8	71	0	20	161	0	1	0
217	2	15	12	0	20	161	0	1	1
217	2	5	20	0	20	161	0	1	1
218	1	12	82	0	20	161	0	1	0
218	1	4	78	0	20	161	0	1	0
218	2	7	29	0	20	161	0	1	1
218	2	9	39	0	20	161	0	1	1
219	1	6	91	0	20	161	0	1	0
219	1	1	87	0	20	161	0	1	0
219	2	11	58	0	20	161	0	1	1
219	2	2	50	0	20	161	0	1	1
220	1	3	96	0	20	161	0	1	0
220	1	13	94	0	20	161	0	1	0
220	2	10	63	0	20	161	0	1	1
220	2	8	71	0	20	161	0	1	1
221	1	15	12	0	20	161	0	1	0
221	1	14	1	0	20	161	0	1	0
221	2	12	82	0	20	161	0	1	1
221	2	4	78	0	20	161	0	1	1
222	1	7	29	0	20	161	0	1	0
222	1	5	20	0	20	161	0	1	0
222	2	1	87	0	20	161	0	1	1
222	2	6	91	0	20	161	0	1	1
223	1	2	50	0	20	161	0	1	0
223	1	9	39	0	20	161	0	1	0
223	2	3	96	0	20	161	0	1	1
223	2	13	94	0	20	161	0	1	1
224	1	10	63	0	20	161	0	1	0
224	1	11	58	0	20	161	0	1	0
224	2	14	1	0	20	161	0	1	1
224	2	15	12	0	20	161	0	1	1
225	1	8	71	0	20	161	0	1	0
225	1	4	78	0	20	161	0	1	0
225	2	7	29	0	20	161	0	1	1
225	2	5	20	0	20	161	0	1	1
226	1	1	87	0	20	161	0	1	0
226	1	12	82	0	20	161	0	1	0
226	2	9	39	0	20	161	0	1	1
226	2	2	50	0	20	161	0	1	1
227	1	6	91	0	20	161	0	1	0
227	1	13	94	0	20	161	0	1	0
227	2	11	58	0	20	161	0	1	1
227	2	10	63	0	20	161	0	1	1
228	1	3	96	0	20	161	0	1	0
228	1	14	1	0	20	161	0	1	0
228	2	4	78	0	20	161	0	1	1
228	2	8	71	0	20	161	0	1	1
229	1	5	20	0	20	161	0	1	0
229	1	15	12	0	20	161	0	1	0
229	2	1	87	0	20	161	0	1	1
229	2	12	82	0	20	161	0	1	1
230	1	7	29	0	20	161	0	1	0
230	1	9	39	0	20	161	0	1	0
230	2	13	94	0	20	161	0	1	1
230	2	6	91	0	20	161	0	1	1
231	1	2	50	0	20	161	0	1	0
231	1	11	58	0	20	161	0	1	0
231	2	14	1	0	20	161	0	1	1
231	2	3	96	0	20	161	0	1	1
232	1	10	63	0	20	161	0	1	0
232	1	8	71	0	20	161	0	1	0
232	2	15	12	0	20	161	0	1	1
232	2	5	20	0	20	161	0	1	1
233	1	12	82	0	20	161	0	1	0
233	1	4	78	0	20	161	0	1	0
233	2	7	29	0	20	161	0	1	1
233	2	9	39	0	20	161	0	1	1
234	1	6	91	0	20	161	0	1	0
234	1	1	87	0	20	161	0	1	0
234	2	11	58	0	20	161	0	1	1
234	2	2	50	0	20	161	0	1	1
235	1	3	96	0	20	161	0	1	0
235	1	13	94	0	20	161	0	1	0
235	2	10	63	0	20	161	0	1	1
235	2	8	71	0	20	161	0	1	1
236	1	15	12	0	20	161	0	1	0
236	1	14	1	0	20	161	0	1	0
236	2	12	82	0	20	161	0	1	1
236	2	4	78	0	20	161	0	1	1
237	1	7	29	0	20	161	0	1	0
237	1	5	20	0	20	161	0	1	0
237	2	1	87	0	20	161	0	1	1
237	2	6	91	0	20	161	0	1	1
238	1	2	50	0	20	161	0	1	0
238	1	9	39	0	20	161	0	1	0
238	2	3	96	0	20	161	0	1	1
238	2	13	94	0	20	161	0	1	1
239	1	10	63	0	20	161	0	1	0
239	1	11	58	0	20	161	0	1	0
239	2	14	1	0	20	161	0	1	1
239	2	15	12	0	20	161	0	1	1
240	1	8	71	0	20	161	0	1	0
240	1	4	78	0	20	161	0	1	0
240	2	7	29	0	20	161	0	1	1
240	2	5	20	0	20	161	0	1	1
241	1	1	87	0	20	161	0	1	0
241	1	12	82	0	20	161	0	1	0
241	2	9	39	0	20	161	0	1	1
241	2	2	50	0	20	161	0	1	1
242	1	6	91	0	20	161	0	1	0
242	1	13	94	0	20	161	0	1	0
242	2	11	58	0	20	161	0	1	1
242	2	10	63	0	20	161	0	1	1
243	1	3	96	0	20	161	0	1	0
243	1	14	1	0	20	161	0	1	0
243	2	4	78	0	20	161	0	1	1
243	2	8	71	0	20	161	0	1	1
244	1	5	20	0	20	161	0	1	0
244	1	15	12	0	20	161	0	1	0
244	2	1	87	0	20	161	0	1	1
244	2	12	82	0	20	161	0	1	1
245	1	7	29	0	20	161	0	1	0
245	1	9	39	0	20	161	0	1	0
245	2	13	94	0	20	161	0	1	1
245	2	6	91	0	20	161	0	1	1
246	1	2	50	0	20	161	0	1	0
246	1	11	58	0	20	161	0	1	0
246	2	14	1	0	20	161	0	1	1
246	2	3	96	0	20	161	0	1	1
247	1	10	63	0	20	161	0	1	0
247	1	8	71	0	20	161	0	1	0
247	2	15	12	0	20	161	0	1	1
247	2	5	20	0	20	161	0	1	1
248	1	12	82	0	20	161	0	1	0
248	1	4	78	0	20	161	0	1	0
248	2	7	29	0	20	161	0	1	1
248	2	9	39	0	20	161	0	1	1
249	1	6	91	0	20	161	0	1	0
249	1	1	87	0	20	161	0	1	0
249	2	11	58	0	20	161	0	1	1
249	2	2	50	0	20	161	0	1	1
250	1	3	96	0	20	161	0	1	0
250	1	13	94	0	20	161	0	1	0
250	2	10	63	0	20	161	0	1	1
250	2	8	71	0	20	161	0	1	1
251	1	15	12	0	20	161	0	1	0
251	1	14	1	0	20	161	0	1	0
251	2	12	82	0	20	161	0	1	1
251	2	4	78	0	20	161	0	1	1
252	1	7	29	0	20	161	0	1	0
252	1	5	20	0	20	161	0	1	0
252	2	1	87	0	20	161	0	1	1
252	2	6	91	0	20	161	0	1	1
253	1	2	50	0	20	161	0	1	0
253	1	9	39	0	20	161	0	1	0
253	2	3	96	0	20	161	0	1	1
253	2	13	94	0	20	161	0	1	1
254	1	10	63	0	20	161	0	1	0
254	1	11	58	0	20	161	0	1	0
254	2	14	1	0	20	161	0	1	1
254	2	15	12	0	20	161	0	1	1
255	1	8	71	0	20	161	0	1	0
255	1	4	78	0	20	161	0	1	0
255	2	7	29	0	20	161	0	1	1
255	2	5	20	0	20	161	0	1	1
256	1	1	87	0	20	161	0	1	0
256	1	12	82	0	20	161	0	1	0
256	2	9	39	0	20	161	0	1	1
256	2	2	50	0	20	161	0	1	1
257	1	6	91	0	20	161	0	1	0
257	1	13	94	0	20	161	0	1	0
257	2	11	58	0	20	161	0	1	1
257	2	10	63	0	20	161	0	1	1
258	1	3	96	0	20	161	0	1	0
258	1	14	1	0	20	161	0	1	0
258	2	4	78	0	20	161	0	1	1
258	2	8	71	0	20	161	0	1	1
259	1	5	20	0	20	161	0	1	0
259	1	15	12	0	20	161	0	1	0
259	2	1	87	0	20	161	0	1	1
259	2	12	82	0	20	161	0	1	1
260	1	7	29	0	20	161	0	1	0
260	1	9	39	0	20	161	0	1	0
260	2	13	94	0	20	161	0	1	1
260	2	6	91	0	20	161	0	1	1
261	1	2	50	0	20	161	0	1	0
261	1	11	58	0	20	161	0	1	0
261	2	14	1	0	20	161	0	1	1
261	2	3	96	0	20	161	0	1	1
262	1	10	63	0	20	161	0	1	0
262	1	8	71	0	20	161	0	1	0
262	2	15	12	0	20	161	0	1	1
262	2	5	20	0	20	161	0	1	1
263	1	12	82	0	20	161	0	1	0
263	1	4	78	0	20	161	0	1	0
263	2	7	29	0	20	161	0	1	1
263	2	9	39	0	20	161	0	1	1
264	1	6	91	0	20	161	0	1	0
264	1	1	87	0	20	161	0	1	0
264	2	11	58	0	20	161	0	1	1
264	2	2	50	0	20	161	0	1	1
265	1	3	96	0	20	161	0	1	0
265	1	13	94	0	20	161	0	1	0
265	2	10	63	0	20	161	0	1	1
265	2	8	71	0	20	161	0	1	1
266	1	15	12	0	20	161	0	1	0
266	1	14	1	0	20	161	0	1	0
266	2	12	82	0	20	161	0	1	1
266	2	4	78	0	20	161	0	1	1
267	1	7	29	0	20	161	0	1	0
267	1	5	20	0	20	161	0	1	0
267	2	1	87	0	20	161	0	1	1
267	2	6	91	0	20	161	0	1	1
268	1	2	50	0	20	161	0	1	0
268	1	9	39	0	20	161	0	1	0
268	2	3	96	0	20	161	0	1	1
268	2	13	94	0	20	161	0	1	1
269	1	10	63	0	20	161	0	1	0
269	1	11	58	0	20	161	0	1	0
269	2	14	1	0	20	161	0	1	1
269	2	15	12	0	20	161	0	1	1
270	1	8	71	0	20	161	0	1	0
270	1	4	78	0	20	161	0	1	0
270	2	7	29	0	20	161	0	1	1
270	2	5	20	0	20	161	0	1	1
271	1	1	87	0	20	161	0	1	0
271	1	12	82	0	20	161	0	1	0
271	2	9	39	0	20	161	0	1	1
271	2	2	50	0	20	161	0	1	1
272	1	6	91	0	20	161	0	1	0
272	1	13	94	0	20	161	0	1	0
272	2	11	58	0	20	161	0	1	1
272	2	10	63	0	20	161	0	1	1
273	1	3	96	0	20	161	0	1	0
273	1	14	1	0	20	161	0	1	0
273	2	4	78	0	20	161	0	1	1
273	2	8	71	0	20	161	0	1	1
274	1	5	20	0	20	161	0	1	0
274	1	15	12	0	20	161	0	1	0
274	2	1	87	0	20	161	0	1	1
274	2	12	82	0	20	161	0	1	1
275	1	7	29	0	20	161	0	1	0
275	1	9	39	0	20	161	0	1	0
275	2	13	94	0	20	161	0	1	1
275	2	6	91	0	20	161	0	1	1
276	1	2	50	0	20	161	0	1	0
276	1	11	58	0	20	161	0	1	0
276	2	14	1	0	20	161	0	1	1
276	2	3	96	0	20	161	0	1	1
277	1	10	63	0	20	161	0	1	0
277	1	8	71	0	20	161	0	1	0
277	2	15	12	0	20	161	0	1	1
277	2	5	20	0	20	161	0	1	1
278	1	12	82	0	20	161	0	1	0
278	1	4	78	0	20	161	0	1	0
278	2	7	29	0	20	161	0	1	1
278	2	9	39	0	20	161	0	1	1
279	1	6	91	0	20	161	0	1	0
279	1	1	87	0	20	161	0	1	0
279	2	11	58	0	20	161	0	1	1
279	2	2	50	0	20	161	0	1	1
280	1	3	96	0	20	161	0	1	0
280	1	13	94	0	20	161	0	1	0
280	2	10	63	0	20	161	0	1	1
280	2	8	71	0	20	161	0	1	1
281	1	15	12	0	20	161	0	1	0
281	1	14	1	0	20	161	0	1	0
281	2	12	82	0	20	161	0	1	1
281	2	4	78	0	20	161	0	1	1
282	1	7	29	0	20	161	0	1	0
282	1	5	20	0	20	161	0	1	0
282	2	1	87	0	20	161	0	1	1
282	2	6	91	0	20	161	0	1	1
283	1	2	50	0	20	161	0	1	0
283	1	9	39	0	20	161	0	1	0
283	2	3	96	0	20	161	0	1	1
283	2	13	94	0	20	161	0	1	1
284	1	10	63	0	20	161	0	1	0
284	1	11	58	0	20	161	0	1	0
284	2	14	1	0	20	161	0	1	1
284	2	15	12	0	20	161	0	1	1
285	1	8	71	0	20	161	0	1	0
285	1	4	78	0	20	161	0	1	0
285	2	7	29	0	20	161	0	1	1
285	2	5	20	0	20	161	0	1	1
286	1	1	87	0	20	161	0	1	0
286	1	12	82	0	20	161	0	1	0
286	2	9	39	0	20	161	0	1	1
286	2	2	50	0	20	161	0	1	1
287	1	6	91	0	20	161	0	1	0
287	1	13	94	0	20	161	0	1	0
287	2	11	58	0	20	161	0	1	1
287	2	10	63	0	20	161	0	1	1
288	1	3	96	0	20	161	0	1	0
288	1	14	1	0	20	161	0	1	0
288	2	4	78	0	20	161	0	1	1
288	2	8	71	0	20	161	0	1	1
289	1	5	20	0	20	161	0	1	0
289	1	15	12	0	20	161	0	1	0
289	2	1	87	0	20	161	0	1	1
289	2	12	82	0	20	161	0	1	1
290	1	7	29	0	20	161	0	1	0
290	1	9	39	0	20	161	0	1	0
290	2	13	94	0	20	161	0	1	1
290	2	6	91	0	20	161	0	1	1
291	1	2	50	0	20	161	0	1	0
291	1	11	58	0	20	161	0	1	0
291	2	14	1	0	20	161	0	1	1
291	2	3	96	0	20	161	0	1	1
292	1	10	63	0	20	161	0	1	0
292	1	8	71	0	20	161	0	1	0
292	2	15	12	0	20	161	0	1	1
292	2	5	20	0	20	161	0	1	1
293	1	12	82	0	20	161	0	1	0
293	1	4	78	0	20	161	0	1	0
293	2	7	29	0	20	161	0	1	1
293	2	9	39	0	20	161	0	1	1
294	1	6	91	0	20	161	0	1	0
294	1	1	87	0	20	161	0	1	0
294	2	11	58	0	20	161	0	1	1
294	2	2	50	0	20	161	0	1	1
295	1	3	96	0	20	161	0	1	0
295	1	13	94	0	20	161	0	1	0
295	2	10	63	0	20	161	0	1	1
295	2	8	71	0	20	161	0	1	1
296	1	15	12	0	20	161	0	1	0
296	1	14	1	0	20	161	0	1	0
296	2	12	82	0	20	161	0	1	1
296	2	4	78	0	20	161	0	1	1
297	1	7	29	0	20	161	0	1	0
297	1	5	20	0	20	161	0	1	0
297	2	1	87	0	20	161	0	1	1
297	2	6	91	0	20	161	0	1	1
298	1	2	50	0	20	161	0	1	0
298	1	9	39	0	20	161	0	1	0
298	2	3	96	0	20	161	0	1	1
298	2	13	94	0	20	161	0	1	1
299	1	10	63	0	20	161	0	1	0
299	1	11	58	0	20	161	0	1	0
299	2	14	1	0	20	161	0	1	1
299	2	15	12	0	20	161	0	1	1
300	1	8	71	0	20	161	0	1	0
300	1	4	78	0	20	161	0	1	0
300	2	7	29	0	20	161	0	1	1
300	2	5	20	0	20	161	0	1	1
301	1	1	87	0	20	161	0	1	0
301	1	12	82	0	20	161	0	1	0
301	2	9	39	0	20	161	0	1	1
301	2	2	50	0	20	161	0	1	1
302	1	6	91	0	20	161	0	1	0
302	1	13	94	0	20	161	0	1	0
302	2	11	58	0	20	161	0	1	1
302	2	10	63	0	20	161	0	1	1
303	1	3	96	0	20	161	0	1	0
303	1	14	1	0	20	161	0	1	0
303	2	4	78	0	20	161	0	1	1
303	2	8	71	0	20	161	0	1	1
304	1	5	20	0	20	161	0	1	0
304	1	15	12	0	20	161	0	1	0
304	2	1	87	0	20	161	0	1	1
304	2	12	82	0	20	161	0	1	1
305	1	7	29	0	20	161	0	1	0
305	1	9	39	0	20	161	0	1	0
305	2	13	94	0	20	161	0	1	1
305	2	6	91	0	20	161	0	1	1
306	1	2	50	0	20	161	0	1	0
306	1	11	58	0	20	161	0	1	0
306	2	14	1	0	20	161	0	1	1
306	2	3	96	0	20	161	0	1	1
307	1	10	63	0	20	161	0	1	0
307	1	8	71	0	20	161	0	1	0
307	2	15	12	0	20	161	0	1	1
307	2	5	20	0	20	161	0	1	1
308	1	12	82	0	20	161	0	1	0
308	1	4	78	0	20	161	0	1	0
308	2	7	29	0	20	161	0	1	1
308	2	9	39	0	20	161	0	1	1
309	1	6	91	0	20	161	0	1	0
309	1	1	87	0	20	161	0	1	0
309	2	11	58	0	20	161	0	1	1
309	2	2	50	0	20	161	0	1	1
310	1	3	96	0	20	161	0	1	0
310	1	13	94	0	20	161	0	1	0
310	2	10	63	0	20	161	0	1	1
310	2	8	71	0	20	161	0	1	1
311	1	15	12	0	20	161	0	1	0
311	1	14	1	0	20	161	0	1	0
311	2	12	82	0	20	161	0	1	1
311	2	4	78	0	20	161	0	1	1
312	1	7	29	0	20	161	0	1	0
312	1	5	20	0	20	161	0	1	0
312	2	1	87	0	20	161	0	1	1
312	2	6	91	0	20	161	0	1	1
313	1	2	50	0	20	161	0	1	0
313	1	9	39	0	20	161	0	1	0
313	2	3	96	0	20	161	0	1	1
313	2	13	94	0	20	161	0	1	1
314	1	10	63	0	20	161	0	1	0
314	1	11	58	0	20	161	0	1	0
314	2	14	1	0	20	161	0	1	1
314	2	15	12	0	20	161	0	1	1
315	1	8	71	0	20	161	0	1	0
315	1	4	78	0	20	161	0	1	0
315	2	7	29	0	20	161	0	1	1
315	2	5	20	0	20	161	0	1	1
316	1	1	87	0	20	161	0	1	0
316	1	12	82	0	20	161	0	1	0
316	2	9	39	0	20	161	0	1	1
316	2	2	50	0	20	161	0	1	1
317	1	6	91	0	20	161	0	1	0
317	1	13	94	0	20	161	0	1	0
317	2	11	58	0	20	161	0	1	1
317	2	10	63	0	20	161	0	1	1
318	1	3	96	0	20	161	0	1	0
318	1	14	1	0	20	161	0	1	0
318	2	4	78	0	20	161	0	1	1
318	2	8	71	0	20	161	0	1	1
319	1	5	20	0	20	161	0	1	0
319	1	15	12	0	20	161	0	1	0
319	2	1	87	0	20	161	0	1	1
319	2	12	82	0	20	161	0	1	1
320	1	7	29	0	20	161	0	1	0
320	1	9	39	0	20	161	0	1	0
320	2	13	94	0	20	161	0	1	1
320	2	6	91	0	20	161	0	1	1
321	1	2	50	0	20	161	0	1	0
321	1	11	58	0	20	161	0	1	0
321	2	14	1	0	20	161	0	1	1
321	2	3	96	0	20	161	0	1	1
322	1	10	63	0	20	161	0	1	0
322	1	8	71	0	20	161	0	1	0
322	2	15	12	0	20	161	0	1	1
322	2	5	20	0	20	161	0	1	1
323	1	12	82	0	20	161	0	1	0
323	1	4	78	0	20	161	0	1	0
323	2	7	29	0	20	161	0	1	1
323	2	9	39	0	20	161	0	1	1
324	1	6	91	0	20	161	0	1	0
324	1	1	87	0	20	161	0	1	0
324	2	11	58	0	20	161	0	1	1
324	2	2	50	0	20	161	0	1	1
325	1	3	96	0	20	161	0	1	0
325	1	13	94	0	20	161	0	1	0
325	2	10	63	0	20	161	0	1	1
325	2	8	71	0	20	161	0	1	1
326	1	15	12	0	20	161	0	1	0
326	1	14	1	0	20	161	0	1	0
326	2	12	82	0	20	161	0	1	1
326	2	4	78	0	20	161	0	1	1
327	1	7	29	0	20	161	0	1	0
327	1	5	20	0	20	161	0	1	0
327	2	1	87	0	20	161	0	1	1
327	2	6	91	0	20	161	0	1	1
328	1	2	50	0	20	161	0	1	0
328	1	9	39	0	20	161	0	1	0
328	2	3	96	0	20	161	0	1	1
328	2	13	94	0	20	161	0	1	1
329	1	10	63	0	20	161	0	1	0
329	1	11	58	0	20	161	0	1	0
329	2	14	1	0	20	161	0	1	1
329	2	15	12	0	20	161	0	1	1
330	1	8	71	0	20	161	0	1	0
330	1	4	78	0	20	161	0	1	0
330	2	7	29	0	20	161	0	1	1
330	2	5	20	0	20	161	0	1	1
331	1	1	87	0	20	161	0	1	0
331	1	12	82	0	20	161	0	1	0
331	2	9	39	0	20	161	0	1	1
331	2	2	50	0	20	161	0	1	1
332	1	6	91	0	20	161	0	1	0
332	1	13	94	0	20	161	0	1	0
332	2	11	58	0	20	161	0	1	1
332	2	10	63	0	20	161	0	1	1
333	1	3	96	0	20	161	0	1	0
333	1	14	1	0	20	161	0	1	0
333	2	4	78	0	20	161	0	1	1
333	2	8	71	0	20	161	0	1	1
334	1	5	20	0	20	161	0	1	0
334	1	15	12	0	20	161	0	1	0
334	2	1	87	0	20	161	0	1	1
334	2	12	82	0	20	161	0	1	1
335	1	7	29	0	20	161	0	1	0
335	1	9	39	0	20	161	0	1	0
335	2	13	94	0	20	161	0	1	1
335	2	6	91	0	20	161	0	1	1
336	1	2	50	0	20	161	0	1	0
336	1	11	58	0	20	161	0	1	0
336	2	14	1	0	20	161	0	1	1
336	2	3	96	0	20	161	0	1	1
337	1	10	63	0	20	161	0	1	0
337	1	8	71	0	20	161	0	1	0
337	2	15	12	0	20	161	0	1	1
337	2	5	20	0	20	161	0	1	1
338	1	12	82	0	20	161	0	1	0
338	1	4	78	0	20	161	0	1	0
338	2	7	29	0	20	161	0	1	1
338	2	9	39	0	20	161	0	1	1
339	1	6	91	0	20	161	0	1	0
339	1	1	87	0	20	161	0	1	0
339	2	11	58	0	20	161	0	1	1
339	2	2	50	0	20	161	0	1	1
340	1	3	96	0	20	161	0	1	0
340	1	13	94	0	20	161	0	1	0
340	2	10	63	0	20	161	0	1	1
340	2	8	71	0	20	161	0	1	1
341	1	15	12	0	20	161	0	1	0
341	1	14	1	0	20	161	0	1	0
341	2	12	82	0	20	161	0	1	1
341	2	4	78	0	20	161	0	1	1
342	1	7	29	0	20	161	0	1	0
342	1	5	20	0	20	161	0	1	0
342	2	1	87	0	20	161	0	1	1
342	2	6	91	0	20	161	0	1	1
343	1	2	50	0	20	161	0	1	0
343	1	9	39	0	20	161	0	1	0
343	2	3	96	0	20	161	0	1	1
343	2	13	94	0	20	161	0	1	1
344	1	10	63	0	20	161	0	1	0
344	1	11	58	0	20	161	0	1	0
344	2	14	1	0	20	161	0	1	1
344	2	15	12	0	20	161	0	1	1
345	1	8	71	0	20	161	0	1	0
345	1	4	78	0	20	161	0	1	0
345	2	7	29	0	20	161	0	1	1
345	2	5	20	0	20	161	0	1	1
346	1	1	87	0	20	161	0	1	0
346	1	12	82	0	20	161	0	1	0
346	2	9	39	0	20	161	0	1	1
346	2	2	50	0	20	161	0	1	1
347	1	6	91	0	20	161	0	1	0
347	1	13	94	0	20	161	0	1	0
347	2	11	58	0	20	161	0	1	1
347	2	10	63	0	20	161	0	1	1
348	1	3	96	0	20	161	0	1	0
348	1	14	1	0	20	161	0	1	0
348	2	4	78	0	20	161	0	1	1
348	2	8	71	0	20	161	0	1	1
349	1	5	20	0	20	161	0	1	0
349	1	15	12	0	20	161	0	1	0
349	2	1	87	0	20	161	0	1	1
349	2	12	82	0	20	161	0	1	1
350	1	7	29	0	20	161	0	1	0
350	1	9	39	0	20	161	0	1	0
350	2	13	94	0	20	161	0	1	1
350	2	6	91	0	20	161	0	1	1
351	1	2	50	0	20	161	0	1	0
351	1	11	58	0	20	161	0	1	0
351	2	14	1	0	20	161	0	1	1
351	2	3	96	0	20	161	0	1	1
352	1	10	63	0	20	161	0	1	0
352	1	8	71	0	20	161	0	1	0
352	2	15	12	0	20	161	0	1	1
352	2	5	20	0	20	161	0	1	1
353	1	12	82	0	20	161	0	1	0
353	1	4	78	0	20	161	0	1	0
353	2	7	29	0	20	161	0	1	1
353	2	9	39	0	20	161	0	1	1
354	1	6	91	0	20	161	0	1	0
354	1	1	87	0	20	161	0	1	0
354	2	11	58	0	20	161	0	1	1
354	2	2	50	0	20	161	0	1	1
355	1	3	96	0	20	161	0	1	0
355	1	13	94	0	20	161	0	1	0
355	2	10	63	0	20	161	0	1	1
355	2	8	71	0	20	161	0	1	1
356	1	15	12	0	20	161	0	1	0
356	1	14	1	0	20	161	0	1	0
356	2	12	82	0	20	161	0	1	1
356	2	4	78	0	20	161	0	1	1
357	1	7	29	0	20	161	0	1	0
357	1	5	20	0	20	161	0	1	0
357	2	1	87	0	20	161	0	1	1
357	2	6	91	0	20	161	0	1	1
358	1	2	50	0	20	161	0	1	0
358	1	9	39	0	20	161	0	1	0
358	2	3	96	0	20	161	0	1	1
358	2	13	94	0	20	161	0	1	1
359	1	10	63	0	20	161	0	1	0
359	1	11	58	0	20	161	0	1	0
359	2	14	1	0	20	161	0	1	1
359	2	15	12	0	20	161	0	1	1
360	1	8	71	0	20	161	0	1	0
360	1	4	78	0	20	161	0	1	0
360	2	7	29	0	20	161	0	1	1
360	2	5	20	0	20	161	0	1	1
361	1	1	87	0	20	161	0	1	0
361	1	12	82	0	20	161	0	1	0
361	2	9	39	0	20	161	0	1	1
361	2	2	50	0	20	161	0	1	1
362	1	6	91	0	20	161	0	1	0
362	1	13	94	0	20	161	0	1	0
362	2	11	58	0	20	161	0	1	1
362	2	10	63	0	20	161	0	1	1
363	1	3	96	0	20	161	0	1	0
363	1	14	1	0	20	161	0	1	0
363	2	4	78	0	20	161	0	1	1
363	2	8	71	0	20	161	0	1	1
364	1	5	20	0	20	161	0	1	0
364	1	15	12	0	20	161	0	1	0
364	2	1	87	0	20	161	0	1	1
364	2	12	82	0	20	161	0	1	1
365	1	7	29	0	20	161	0	1	0
365	1	9	39	0	20	161	0	1	0
365	2	13	94	0	20	161	0	1	1
365	2	6	91	0	20	161	0	1	1
366	1	2	50	0	20	161	0	1	0
366	1	11	58	0	20	161	0	1	0
366	2	14	1	0	20	161	0	1	1
366	2	3	96	0	20	161	0	1	1
367	1	10	63	0	20	161	0	1	0
367	1	8	71	0	20	161	0	1	0
367	2	15	12	0	20	161	0	1	1
367	2	5	20	0	20	161	0	1	1
368	1	12	82	0	20	161	0	1	0
368	1	4	78	0	20	161	0	1	0
368	2	7	29	0	20	161	0	1	1
368	2	9	39	0	20	161	0	1	1
369	1	6	91	0	20	161	0	1	0
369	1	1	87	0	20	161	0	1	0
369	2	11	58	0	20	161	0	1	1
369	2	2	50	0	20	161	0	1	1
370	1	3	96	0	20	161	0	1	0
370	1	13	94	0	20	161	0	1	0
370	2	10	63	0	20	161	0	1	1
370	2	8	71	0	20	161	0	1	1
371	1	15	12	0	20	161	0	1	0
371	1	14	1	0	20	161	0	1	0
371	2	12	82	0	20	161	0	1	1
371	2	4	78	0	20	161	0	1	1
372	1	7	29	0	20	161	0	1	0
372	1	5	20	0	20	161	0	1	0
372	2	1	87	0	20	161	0	1	1
372	2	6	91	0	20	161	0	1	1
373	1	2	50	0	20	161	0	1	0
373	1	9	39	0	20	161	0	1	0
373	2	3	96	0	20	161	0	1	1
373	2	13	94	0	20	161	0	1	1
374	1	10	63	0	20	161	0	1	0
374	1	11	58	0	20	161	0	1	0
374	2	14	1	0	20	161	0	1	1
374	2	15	12	0	20	161	0	1	1
375	1	8	71	0	20	161	0	1	0
375	1	4	78	0	20	161	0	1	0
375	2	7	29	0	20	161	0	1	1
375	2	5	20	0	20	161	0	1	1
376	1	1	87	0	20	161	0	1	0
376	1	12	82	0	20	161	0	1	0
376	2	9	39	0	20	161	0	1	1
376	2	2	50	0	20	161	0	1	1
377	1	6	91	0	20	161	0	1	0
377	1	13	94	0	20	161	0	1	0
377	2	11	58	0	20	161	0	1	1
377	2	10	63	0	20	161	0	1	1
378	1	3	96	0	20	161	0	1	0
378	1	14	1	0	20	161	0	1	0
378	2	4	78	0	20	161	0	1	1
378	2	8	71	0	20	161	0	1	1
379	1	5	20	0	20	161	0	1	0
379	1	15	12	0	20	161	0	1	0
379	2	1	87	0	20	161	0	1	1
379	2	12	82	0	20	161	0	1	1
380	1	7	29	0	20	161	0	1	0
380	1	9	39	0	20	161	0	1	0
380	2	13	94	0	20	161	0	1	1
380	2	6	91	0	20	161	0	1	1
381	1	2	50	0	20	161	0	1	0
381	1	11	58	0	20	161	0	1	0
381	2	14	1	0	20	161	0	1	1
381	2	3	96	0	20	161	0	1	1
382	1	10	63	0	20	161	0	1	0
382	1	8	71	0	20	161	0	1	0
382	2	15	12	0	20	161	0	1	1
382	2	5	20	0	20	161	0	1	1
383	1	12	82	0	20	161	0	1	0
383	1	4	78	0	20	161	0	1	0
383	2	7	29	0	20	161	0	1	1
383	2	9	39	0	20	161	0	1	1
384	1	6	91	0	20	161	0	1	0
384	1	1	87	0	20	161	0	1	0
384	2	11	58	0	20	161	0	1	1
384	2	2	50	0	20	161	0	1	1
385	1	3	96	0	20	161	0	1	0
385	1	13	94	0	20	161	0	1	0
385	2	10	63	0	20	161	0	1	1
385	2	8	71	0	20	161	0	1	1
386	1	15	12	0	20	161	0	1	0
386	1	14	1	0	20	161	0	1	0
386	2	12	82	0	20	161	0	1	1
386	2	4	78	0	20	161	0	1	1
387	1	7	29	0	20	161	0	1	0
387	1	5	20	0	20	161	0	1	0
387	2	1	87	0	20	161	0	1	1
387	2	6	91	0	20	161	0	1	1
388	1	2	50	0	20	161	0	1	0
388	1	9	39	0	20	161	0	1	0
388	2	3	96	0	20	161	0	1	1
388	2	13	94	0	20	161	0	1	1
389	1	10	63	0	20	161	0	1	0
389	1	11	58	0	20	161	0	1	0
389	2	14	1	0	20	161	0	1	1
389	2	15	12	0	20	161	0	1	1
390	1	8	71	0	20	161	0	1	0
390	1	4	78	0	20	161	0	1	0
390	2	7	29	0	20	161	0	1	1
390	2	5	20	0	20	161	0	1	1
391	1	1	87	0	20	161	0	1	0
391	1	12	82	0	20	161	0	1	0
391	2	9	39	0	20	161	0	1	1
391	2	2	50	0	20	161	0	1	1
392	1	6	91	0	20	161	0	1	0
392	1	13	94	0	20	161	0	1	0
392	2	11	58	0	20	161	0	1	1
392	2	10	63	0	20	161	0	1	1
393	1	3	96	0	20	161	0	1	0
393	1	14	1	0	20	161	0	1	0
393	2	4	78	0	20	161	0	1	1
393	2	8	71	0	20	161	0	1	1
394	1	5	20	0	20	161	0	1	0
394	1	15	12	0	20	161	0	1	0
394	2	1	87	0	20	161	0	1	1
394	2	12	82	0	20	161	0	1	1
395	1	7	29	0	20	161	0	1	0
395	1	9	39	0	20	161	0	1	0
395	2	13	94	0	20	161	0	1	1
395	2	6	91	0	20	161	0	1	1
396	1	2	50	0	20	161	0	1	0
396	1	11	58	0	20	161	0	1	0
396	2	14	1	0	20	161	0	1	1
396	2	3	96	0	20	161	0	1	1
397	1	10	63	0	20	161	0	1	0
397	1	8	71	0	20	161	0	1	0
397	2	15	12	0	20	161	0	1	1
397	2	5	20	0	20	161	0	1	1
398	1	12	82	0	20	161	0	1	0
398	1	4	78	0	20	161	0	1	0
398	2	7	29	0	20	161	0	1	1
398	2	9	39	0	20	161	0	1	1
399	1	6	91	0	20	161	0	1	0
399	1	1	87	0	20	161	0	1	0
399	2	11	58	0	20	161	0	1	1
399	2	2	50	0	20	161	0	1	1
400	1	3	96	0	20	161	0	1	0
400	1	13	94	0	20	161	0	1	0
400	2	10	63	0	20	161	0	1	1
400	2	8	71	0	20	161	0	1	1
401	1	15	12	0	20	161	0	1	0
401	1	14	1	0	20	161	0	1	0
401	2	12	82	0	20	161	0	1	1
401	2	4	78	0	20	161	0	1	1
402	1	7	29	0	20	161	0	1	0
402	1	5	20	0	20	161	0	1	0
402	2	1	87	0	20	161	0	1	1
402	2	6	91	0	20	161	0	1	1
403	1	2	50	0	20	161	0	1	0
403	1	9	39	0	20	161	0	1	0
403	2	3	96	0	20	161	0	1	1
403	2	13	94	0	20	161	0	1	1
404	1	10	63	0	20	161	0	1	0
404	1	11	58	0	20	161	0	1	0
404	2	14	1	0	20	161	0	1	1
404	2	15	12	0	20	161	0	1	1
405	1	8	71	0	20	161	0	1	0
405	1	4	78	0	20	161	0	1	0
405	2	7	29	0	20	161	0	1	1
405	2	5	20	0	20	161	0	1	1
406	1	1	87	0	20	161	0	1	0
406	1	12	82	0	20	161	0	1	0
406	2	9	39	0	20	161	0	1	1
406	2	2	50	0	20	161	0	1	1
407	1	6	91	0	20	161	0	1	0
407	1	13	94	0	20	161	0	1	0
407	2	11	58	0	20	161	0	1	1
407	2	10	63	0	20	161	0	1	1
408	1	3	96	0	20	161	0	1	0
408	1	14	1	0	20	161	0	1	0
408	2	4	78	0	20	161	0	1	1
408	2	8	71	0	20	161	0	1	1
409	1	5	20	0	20	161	0	1	0
409	1	15	12	0	20	161	0	1	0
409	2	1	87	0	20	161	0	1	1
409	2	12	82	0	20	161	0	1	1
410	1	7	29	0	20	161	0	1	0
410	1	9	39	0	20	161	0	1	0
410	2	13	94	0	20	161	0	1	1
410	2	6	91	0	20	161	0	1	1
411	1	2	50	0	20	161	0	1	0
411	1	11	58	0	20	161	0	1	0
411	2	14	1	0	20	161	0	1	1
411	2	3	96	0	20	161	0	1	1
412	1	10	63	0	20	161	0	1	0
412	1	8	71	0	20	161	0	1	0
412	2	15	12	0	20	161	0	1	1
412	2	5	20	0	20	161	0	1	1
413	1	12	82	0	20	161	0	1	0
413	1	4	78	0	20	161	0	1	0
413	2	7	29	0	20	161	0	1	1
413	2	9	39	0	20	161	0	1	1
414	1	6	91	0	20	161	0	1	0
414	1	1	87	0	20	161	0	1	0
414	2	11	58	0	20	161	0	1	1
414	2	2	50	0	20	161	0	1	1
415	1	3	96	0	20	161	0	1	0
415	1	13	94	0	20	161	0	1	0
415	2	10	63	0	20	161	0	1	1
415	2	8	71	0	20	161	0	1	1
416	1	15	12	0	20	161	0	1	0
416	1	14	1	0	20	161	0	1	0
416	2	12	82	0	20	161	0	1	1
416	2	4	78	0	20	161	0	1	1
417	1	7	29	0	20	161	0	1	0
417	1	5	20	0	20	161	0	1	0
417	2	1	87	0	20	161	0	1	1
417	2	6	91	0	20	161	0	1	1
418	1	2	50	0	20	161	0	1	0
418	1	9	39	0	20	161	0	1	0
418	2	3	96	0	20	161	0	1	1
418	2	13	94	0	20	161	0	1	1
419	1	10	63	0	20	161	0	1	0
419	1	11	58	0	20	161	0	1	0
419	2	14	1	0	20	161	0	1	1
419	2	15	12	0	20	161	0	1	1
420	1	8	71	0	20	161	0	1	0
420	1	4	78	0	20	161	0	1	0
420	2	7	29	0	20	161	0	1	1
420	2	5	20	0	20	161	0	1	1
421	1	1	87	0	20	161	0	1	0
421	1	12	82	0	20	161	0	1	0
421	2	9	39	0	20	161	0	1	1
421	2	2	50	0	20	161	0	1	1
422	1	6	91	0	20	161	0	1	0
422	1	13	94	0	20	161	0	1	0
422	2	11	58	0	20	161	0	1	1
422	2	10	63	0	20	161	0	1	1
423	1	3	96	0	20	161	0	1	0
423	1	14	1	0	20	161	0	1	0
423	2	4	78	0	20	161	0	1	1
423	2	8	71	0	20	161	0	1	1
424	1	5	20	0	20	161	0	1	0
424	1	15	12	0	20	161	0	1	0
424	2	1	87	0	20	161	0	1	1
424	2	12	82	0	20	161	0	1	1
425	1	7	29	0	20	161	0	1	0
425	1	9	39	0	20	161	0	1	0
425	2	13	94	0	20	161	0	1	1
425	2	6	91	0	20	161	0	1	1
426	1	2	50	0	20	161	0	1	0
426	1	11	58	0	20	161	0	1	0
426	2	14	1	0	20	161	0	1	1
426	2	3	96	0	20	161	0	1	1
427	1	10	63	0	20	161	0	1	0
427	1	8	71	0	20	161	0	1	0
427	2	15	12	0	20	161	0	1	1
427	2	5	20	0	20	161	0	1	1
428	1	12	82	0	20	161	0	1	0
428	1	4	78	0	20	161	0	1	0
428	2	7	29	0	20	161	0	1	1
428	2	9	39	0	20	161	0	1	1
429	1	6	91	0	20	161	0	1	0
429	1	1	87	0	20	161	0	1	0
429	2	11	58	0	20	161	0	1	1
429	2	2	50	0	20	161	0	1	1
430	1	3	96	0	20	161	0	1	0
430	1	13	94	0	20	161	0	1	0
430	2	10	63	0	20	161	0	1	1
430	2	8	71	0	20	161	0	1	1
431	1	15	12	0	20	161	0	1	0
431	1	14	1	0	20	161	0	1	0
431	2	12	82	0	20	161	0	1	1
431	2	4	78	0	20	161	0	1	1
432	1	7	29	0	20	161	0	1	0
432	1	5	20	0	20	161	0	1	0
432	2	1	87	0	20	161	0	1	1
432	2	6	91	0	20	161	0	1	1
433	1	2	50	0	20	161	0	1	0
433	1	9	39	0	20	161	0	1	0
433	2	3	96	0	20	161	0	1	1
433	2	13	94	0	20	161	0	1	1
434	1	10	63	0	20	161	0	1	0
434	1	11	58	0	20	161	0	1	0
434	2	14	1	0	20	161	0	1	1
434	2	15	12	0	20	161	0	1	1
435	1	8	71	0	20	161	0	1	0
435	1	4	78	0	20	161	0	1	0
435	2	7	29	0	20	161	0	1	1
435	2	5	20	0	20	161	0	1	1
436	1	1	87	0	20	161	0	1	0
436	1	12	82	0	20	161	0	1	0
436	2	9	39	0	20	161	0	1	1
436	2	2	50	0	20	161	0	1	1
437	1	6	91	0	20	161	0	1	0
437	1	13	94	0	20	161	0	1	0
437	2	11	58	0	20	161	0	1	1
437	2	10	63	0	20	161	0	1	1
438	1	3	96	0	20	161	0	1	0
438	1	14	1	0	20	161	0	1	0
438	2	4	78	0	20	161	0	1	1
438	2	8	71	0	20	161	0	1	1
439	1	5	20	0	20	161	0	1	0
439	1	15	12	0	20	161	0	1	0
439	2	1	87	0	20	161	0	1	1
439	2	12	82	0	20	161	0	1	1
440	1	7	29	0	20	161	0	1	0
440	1	9	39	0	20	161	0	1	0
440	2	13	94	0	20	161	0	1	1
440	2	6	91	0	20	161	0	1	1
441	1	2	50	0	20	161	0	1	0
441	1	11	58	0	20	161	0	1	0
441	2	14	1	0	20	161	0	1	1
441	2	3	96	0	20	161	0	1	1
442	1	10	63	0	20	161	0	1	0
442	1	8	71	0	20	161	0	1	0
442	2	15	12	0	20	161	0	1	1
442	2	5	20	0	20	161	0	1	1
443	1	12	82	0	20	161	0	1	0
443	1	4	78	0	20	161	0	1	0
443	2	7	29	0	20	161	0	1	1
443	2	9	39	0	20	161	0	1	1
444	1	6	91	0	20	161	0	1	0
444	1	1	87	0	20	161	0	1	0
444	2	11	58	0	20	161	0	1	1
444	2	2	50	0	20	161	0	1	1
445	1	3	96	0	20	161	0	1	0
445	1	13	94	0	20	161	0	1	0
445	2	10	63	0	20	161	0	1	1
445	2	8	71	0	20	161	0	1	1
446	1	15	12	0	20	161	0	1	0
446	1	14	1	0	20	161	0	1	0
446	2	12	82	0	20	161	0	1	1
446	2	4	78	0	20	161	0	1	1
447	1	7	29	0	20	161	0	1	0
447	1	5	20	0	20	161	0	1	0
447	2	1	87	0	20	161	0	1	1
447	2	6	91	0	20	161	0	1	1
448	1	2	50	0	20	161	0	1	0
448	1	9	39	0	20	161	0	1	0
448	2	3	96	0	20	161	0	1	1
448	2	13	94	0	20	161	0	1	1
449	1	10	63	0	20	161	0	1	0
449	1	11	58	0	20	161	0	1	0
449	2	14	1	0	20	161	0	1	1
449	2	15	12	0	20	161	0	1	1
450	1	8	71	0	20	161	0	1	0
450	1	4	78	0	20	161	0	1	0
450	2	7	29	0	20	161	0	1	1
450	2	5	20	0	20	161	0	1	1
451	1	1	87	0	20	161	0	1	0
451	1	12	82	0	20	161	0	1	0
451	2	9	39	0	20	161	0	1	1
451	2	2	50	0	20	161	0	1	1
452	1	6	91	0	20	161	0	1	0
452	1	13	94	0	20	161	0	1	0
452	2	11	58	0	20	161	0	1	1
452	2	10	63	0	20	161	0	1	1
453	1	3	96	0	20	161	0	1	0
453	1	14	1	0	20	161	0	1	0
453	2	4	78	0	20	161	0	1	1
453	2	8	71	0	20	161	0	1	1
454	1	5	20	0	20	161	0	1	0
454	1	15	12	0	20	161	0	1	0
454	2	1	87	0	20	161	0	1	1
454	2	12	82	0	20	161	0	1	1
455	1	7	29	0	20	161	0	1	0
455	1	9	39	0	20	161	0	1	0
455	2	13	94	0	20	161	0	1	1
455	2	6	91	0	20	161	0	1	1
456	1	2	50	0	20	161	0	1	0
456	1	11	58	0	20	161	0	1	0
456	2	14	1	0	20	161	0	1	1
456	2	3	96	0	20	161	0	1	1
457	1	10	63	0	20	161	0	1	0
457	1	8	71	0	20	161	0	1	0
457	2	15	12	0	20	161	0	1	1
457	2	5	20	0	20	161	0	1	1
458	1	12	82	0	20	161	0	1	0
458	1	4	78	0	20	161	0	1	0
458	2	7	29	0	20	161	0	1	1
458	2	9	39	0	20	161	0	1	1
459	1	6	91	0	20	161	0	1	0
459	1	1	87	0	20	161	0	1	0
459	2	11	58	0	20	161	0	1	1
459	2	2	50	0	20	161	0	1	1
460	1	3	96	0	20	161	0	1	0
460	1	13	94	0	20	161	0	1	0
460	2	10	63	0	20	161	0	1	1
460	2	8	71	0	20	161	0	1	1
461	1	15	12	0	20	161	0	1	0
461	1	14	1	0	20	161	0	1	0
461	2	12	82	0	20	161	0	1	1
461	2	4	78	0	20	161	0	1	1
462	1	7	29	0	20	161	0	1	0
462	1	5	20	0	20	161	0	1	0
462	2	1	87	0	20	161	0	1	1
462	2	6	91	0	20	161	0	1	1
463	1	2	50	0	20	161	0	1	0
463	1	9	39	0	20	161	0	1	0
463	2	3	96	0	20	161	0	1	1
463	2	13	94	0	20	161	0	1	1
464	1	10	63	0	20	161	0	1	0
464	1	11	58	0	20	161	0	1	0
464	2	14	1	0	20	161	0	1	1
464	2	15	12	0	20	161	0	1	1
465	1	8	71	0	20	161	0	1	0
465	1	4	78	0	20	161	0	1	0
465	2	7	29	0	20	161	0	1	1
465	2	5	20	0	20	161	0	1	1
466	1	1	87	0	20	161	0	1	0
466	1	12	82	0	20	161	0	1	0
466	2	9	39	0	20	161	0	1	1
466	2	2	50	0	20	161	0	1	1
467	1	6	91	0	20	161	0	1	0
467	1	13	94	0	20	161	0	1	0
467	2	11	58	0	20	161	0	1	1
467	2	10	63	0	20	161	0	1	1
468	1	3	96	0	20	161	0	1	0
468	1	14	1	0	20	161	0	1	0
468	2	4	78	0	20	161	0	1	1
468	2	8	71	0	20	161	0	1	1
469	1	5	20	0	20	161	0	1	0
469	1	15	12	0	20	161	0	1	0
469	2	1	87	0	20	161	0	1	1
469	2	12	82	0	20	161	0	1	1
470	1	7	29	0	20	161	0	1	0
470	1	9	39	0	20	161	0	1	0
470	2	13	94	0	20	161	0	1	1
470	2	6	91	0	20	161	0	1	1
471	1	2	50	0	20	161	0	1	0
471	1	11	58	0	20	161	0	1	0
471	2	14	1	0	20	161	0	1	1
471	2	3	96	0	20	161	0	1	1
472	1	10	63	0	20	161	0	1	0
472	1	8	71	0	20	161	0	1	0
472	2	15	12	0	20	161	0	1	1
472	2	5	20	0	20	161	0	1	1
473	1	12	82	0	20	161	0	1	0
473	1	4	78	0	20	161	0	1	0
473	2	7	29	0	20	161	0	1	1
473	2	9	39	0	20	161	0	1	1
474	1	6	91	0	20	161	0	1	0
474	1	1	87	0	20	161	0	1	0
474	2	11	58	0	20	161	0	1	1
474	2	2	50	0	20	161	0	1	1
475	1	3	96	0	20	161	0	1	0
475	1	13	94	0	20	161	0	1	0
475	2	10	63	0	20	161	0	1	1
475	2	8	71	0	20	161	0	1	1
476	1	15	12	0	20	161	0	1	0
476	1	14	1	0	20	161	0	1	0
476	2	12	82	0	20	161	0	1	1
476	2	4	78	0	20	161	0	1	1
477	1	7	29	0	20	161	0	1	0
477	1	5	20	0	20	161	0	1	0
477	2	1	87	0	20	161	0	1	1
477	2	6	91	0	20	161	0	1	1
478	1	2	50	0	20	161	0	1	0
478	1	9	39	0	20	161	0	1	0
478	2	3	96	0	20	161	0	1	1
478	2	13	94	0	20	161	0	1	1
479	1	10	63	0	20	161	0	1	0
479	1	11	58	0	20	161	0	1	0
479	2	14	1	0	20	161	0	1	1
479	2	15	12	0	20	161	0	1	1
480	1	8	71	0	20	161	0	1	0
480	1	4	78	0	20	161	0	1	0
480	2	7	29	0	20	161	0	1	1
480	2	5	20	0	20	161	0	1	1
481	1	1	87	0	20	161	0	1	0
481	1	12	82	0	20	161	0	1	0
481	2	9	39	0	20	161	0	1	1
481	2	2	50	0	20	161	0	1	1
482	1	6	91	0	20	161	0	1	0
482	1	13	94	0	20	161	0	1	0
482	2	11	58	0	20	161	0	1	1
482	2	10	63	0	20	161	0	1	1
483	1	3	96	0	20	161	0	1	0
483	1	14	1	0	20	161	0	1	0
483	2	4	78	0	20	161	0	1	1
483	2	8	71	0	20	161	0	1	1
484	1	5	20	0	20	161	0	1	0
484	1	15	12	0	20	161	0	1	0
484	2	1	87	0	20	161	0	1	1
484	2	12	82	0	20	161	0	1	1
485	1	7	29	0	20	161	0	1	0
485	1	9	39	0	20	161	0	1	0
485	2	13	94	0	20	161	0	1	1
485	2	6	91	0	20	161	0	1	1
486	1	2	50	0	20	161	0	1	0
486	1	11	58	0	20	161	0	1	0
486	2	14	1	0	20	161	0	1	1
486	2	3	96	0	20	161	0	1	1
487	1	10	63	0	20	161	0	1	0
487	1	8	71	0	20	161	0	1	0
487	2	15	12	0	20	161	0	1	1
487	2	5	20	0	20	161	0	1	1
488	1	12	82	0	20	161	0	1	0
488	1	4	78	0	20	161	0	1	0
488	2	7	29	0	20	161	0	1	1
488	2	9	39	0	20	161	0	1	1
489	1	6	91	0	20	161	0	1	0
489	1	1	87	0	20	161	0	1	0
489	2	11	58	0	20	161	0	1	1
489	2	2	50	0	20	161	0	1	1
490	1	3	96	0	20	161	0	1	0
490	1	13	94	0	20	161	0	1	0
490	2	10	63	0	20	161	0	1	1
490	2	8	71	0	20	161	0	1	1
491	1	15	12	0	20	161	0	1	0
491	1	14	1	0	20	161	0	1	0
491	2	12	82	0	20	161	0	1	1
491	2	4	78	0	20	161	0	1	1
492	1	7	29	0	20	161	0	1	0
492	1	5	20	0	20	161	0	1	0
492	2	1	87	0	20	161	0	1	1
492	2	6	91	0	20	161	0	1	1
493	1	2	50	0	20	161	0	1	0
493	1	9	39	0	20	161	0	1	0
493	2	3	96	0	20	161	0	1	1
493	2	13	94	0	20	161	0	1	1
494	1	10	63	0	20	161	0	1	0
494	1	11	58	0	20	161	0	1	0
494	2	14	1	0	20	161	0	1	1
494	2	15	12	0	20	161	0	1	1
495	1	8	71	0	20	161	0	1	0
495	1	4	78	0	20	161	0	1	0
495	2	7	29	0	20	161	0	1	1
495	2	5	20	0	20	161	0	1	1
496	1	1	87	0	20	161	0	1	0
496	1	12	82	0	20	161	0	1	0
496	2	9	39	0	20	161	0	1	1
496	2	2	50	0	20	161	0	1	1
497	1	6	91	0	20	161	0	1	0
497	1	13	94	0	20	161	0	1	0
497	2	11	58	0	20	161	0	1	1
497	2	10	63	0	20	161	0	1	1
498	1	3	96	0	20	161	0	1	0
498	1	14	1	0	20	161	0	1	0
498	2	4	78	0	20	161	0	1	1
498	2	8	71	0	20	161	0	1	1
499	1	5	20	0	20	161	0	1	0
499	1	15	12	0	20	161	0	1	0
499	2	1	87	0	20	161	0	1	1
499	2	12	82	0	20	161	0	1	1
500	1	7	29	0	20	161	0	1	0
500	1	9	39	0	20	161	0	1	0
500	2	13	94	0	20	161	0	1	1
500	2	6	91	0	20	161	0	1	1
501	1	2	50	0	20	161	0	1	0
501	1	11	58	0	20	161	0	1	0
501	2	14	1	0	20	161	0	1	1
501	2	3	96	0	20	161	0	1	1
502	1	10	63	0	20	161	0	1	0
502	1	8	71	0	20	161	0	1	0
502	2	15	12	0	20	161	0	1	1
502	2	5	20	0	20	161	0	1	1
503	1	12	82	0	20	161	0	1	0
503	1	4	78	0	20	161	0	1	0
503	2	7	29	0	20	161	0	1	1
503	2	9	39	0	20	161	0	1	1
504	1	6	91	0	20	161	0	1	0
504	1	1	87	0	20	161	0	1	0
504	2	11	58	0	20	161	0	1	1
504	2	2	50	0	20	161	0	1	1
505	1	3	96	0	20	161	0	1	0
505	1	13	94	0	20	161	0	1	0
505	2	10	63	0	20	161	0	1	1
505	2	8	71	0	20	161	0	1	1
506	1	15	12	0	20	161	0	1	0
506	1	14	1	0	20	161	0	1	0
506	2	12	82	0	20	161	0	1	1
506	2	4	78	0	20	161	0	1	1
507	1	7	29	0	20	161	0	1	0
507	1	5	20	0	20	161	0	1	0
507	2	1	87	0	20	161	0	1	1
507	2	6	91	0	20	161	0	1	1
508	1	2	50	0	20	161	0	1	0
508	1	9	39	0	20	161	0	1	0
508	2	3	96	0	20	161	0	1	1
508	2	13	94	0	20	161	0	1	1
509	1	10	63	0	20	161	0	1	0
509	1	11	58	0	20	161	0	1	0
509	2	14	1	0	20	161	0	1	1
509	2	15	12	0	20	161	0	1	1
510	1	8	71	0	20	161	0	1	0
510	1	4	78	0	20	161	0	1	0
510	2	7	29	0	20	161	0	1	1
510	2	5	20	0	20	161	0	1	1
511	1	1	87	0	20	161	0	1	0
511	1	12	82	0	20	161	0	1	0
511	2	9	39	0	20	161	0	1	1
511	2	2	50	0	20	161	0	1	1
512	1	6	91	0	20	161	0	1	0
512	1	13	94	0	20	161	0	1	0
512	2	11	58	0	20	161	0	1	1
512	2	10	63	0	20	161	0	1	1
513	1	3	96	0	20	161	0	1	0
513	1	14	1	0	20	161	0	1	0
513	2	4	78	0	20	161	0	1	1
513	2	8	71	0	20	161	0	1	1
514	1	5	20	0	20	161	0	1	0
514	1	15	12	0	20	161	0	1	0
514	2	1	87	0	20	161	0	1	1
514	2	12	82	0	20	161	0	1	1
515	1	7	29	0	20	161	0	1	0
515	1	9	39	0	20	161	0	1	0
515	2	13	94	0	20	161	0	1	1
515	2	6	91	0	20	161	0	1	1
516	1	2	50	0	20	161	0	1	0
516	1	11	58	0	20	161	0	1	0
516	2	14	1	0	20	161	0	1	1
516	2	3	96	0	20	161	0	1	1
517	1	10	63	0	20	161	0	1	0
517	1	8	71	0	20	161	0	1	0
517	2	15	12	0	20	161	0	1	1
517	2	5	20	0	20	161	0	1	1
518	1	12	82	0	20	161	0	1	0
518	1	4	78	0	20	161	0	1	0
518	2	7	29	0	20	161	0	1	1
518	2	9	39	0	20	161	0	1	1
519	1	6	91	0	20	161	0	1	0
519	1	1	87	0	20	161	0	1	0
519	2	11	58	0	20	161	0	1	1
519	2	2	50	0	20	161	0	1	1
520	1	3	96	0	20	161	0	1	0
520	1	13	94	0	20	161	0	1	0
520	2	10	63	0	20	161	0	1	1
520	2	8	71	0	20	161	0	1	1
521	1	15	12	0	20	161	0	1	0
521	1	14	1	0	20	161	0	1	0
521	2	12	82	0	20	161	0	1	1
521	2	4	78	0	20	161	0	1	1
522	1	7	29	0	20	161	0	1	0
522	1	5	20	0	20	161	0	1	0
522	2	1	87	0	20	161	0	1	1
522	2	6	91	0	20	161	0	1	1
523	1	2	50	0	20	161	0	1	0
523	1	9	39	0	20	161	0	1	0
523	2	3	96	0	20	161	0	1	1
523	2	13	94	0	20	161	0	1	1
524	1	10	63	0	20	161	0	1	0
524	1	11	58	0	20	161	0	1	0
524	2	14	1	0	20	161	0	1	1
524	2	15	12	0	20	161	0	1	1
525	1	8	71	0	20	161	0	1	0
525	1	4	78	0	20	161	0	1	0
525	2	7	29	0	20	161	0	1	1
525	2	5	20	0	20	161	0	1	1
526	1	1	87	0	20	161	0	1	0
526	1	12	82	0	20	161	0	1	0
526	2	9	39	0	20	161	0	1	1
526	2	2	50	0	20	161	0	1	1
527	1	6	91	0	20	161	0	1	0
527	1	13	94	0	20	161	0	1	0
527	2	11	58	0	20	161	0	1	1
527	2	10	63	0	20	161	0	1	1
528	1	3	96	0	20	161	0	1	0
528	1	14	1	0	20	161	0	1	0
528	2	4	78	0	20	161	0	1	1
528	2	8	71	0	20	161	0	1	1
529	1	5	20	0	20	161	0	1	0
529	1	15	12	0	20	161	0	1	0
529	2	1	87	0	20	161	0	1	1
529	2	12	82	0	20	161	0	1	1
530	1	7	29	0	20	161	0	1	0
530	1	9	39	0	20	161	0	1	0
530	2	13	94	0	20	161	0	1	1
530	2	6	91	0	20	161	0	1	1
531	1	2	50	0	20	161	0	1	0
531	1	11	58	0	20	161	0	1	0
531	2	14	1	0	20	161	0	1	1
531	2	3	96	0	20	161	0	1	1
532	1	10	63	0	20	161	0	1	0
532	1	8	71	0	20	161	0	1	0
532	2	15	12	0	20	161	0	1	1
532	2	5	20	0	20	161	0	1	1
533	1	12	82	0	20	161	0	1	0
533	1	4	78	0	20	161	0	1	0
533	2	7	29	0	20	161	0	1	1
533	2	9	39	0	20	161	0	1	1
534	1	6	91	0	20	161	0	1	0
534	1	1	87	0	20	161	0	1	0
534	2	11	58	0	20	161	0	1	1
534	2	2	50	0	20	161	0	1	1
535	1	3	96	0	20	161	0	1	0
535	1	13	94	0	20	161	0	1	0
535	2	10	63	0	20	161	0	1	1
535	2	8	71	0	20	161	0	1	1
536	1	15	12	0	20	161	0	1	0
536	1	14	1	0	20	161	0	1	0
536	2	12	82	0	20	161	0	1	1
536	2	4	78	0	20	161	0	1	1
537	1	7	29	0	20	161	0	1	0
537	1	5	20	0	20	161	0	1	0
537	2	1	87	0	20	161	0	1	1
537	2	6	91	0	20	161	0	1	1
538	1	2	50	0	20	161	0	1	0
538	1	9	39	0	20	161	0	1	0
538	2	3	96	0	20	161	0	1	1
538	2	13	94	0	20	161	0	1	1
539	1	10	63	0	20	161	0	1	0
539	1	11	58	0	20	161	0	1	0
539	2	14	1	0	20	161	0	1	1
539	2	15	12	0	20	161	0	1	1
540	1	8	71	0	20	161	0	1	0
540	1	4	78	0	20	161	0	1	0
540	2	7	29	0	20	161	0	1	1
540	2	5	20	0	20	161	0	1	1
541	1	1	87	0	20	161	0	1	0
541	1	12	82	0	20	161	0	1	0
541	2	9	39	0	20	161	0	1	1
541	2	2	50	0	20	161	0	1	1
542	1	6	91	0	20	161	0	1	0
542	1	13	94	0	20	161	0	1	0
542	2	11	58	0	20	161	0	1	1
542	2	10	63	0	20	161	0	1	1
543	1	3	96	0	20	161	0	1	0
543	1	14	1	0	20	161	0	1	0
543	2	4	78	0	20	161	0	1	1
543	2	8	71	0	20	161	0	1	1
544	1	5	20	0	20	161	0	1	0
544	1	15	12	0	20	161	0	1	0
544	2	1	87	0	20	161	0	1	1
544	2	12	82	0	20	161	0	1	1
545	1	7	29	0	20	161	0	1	0
545	1	9	39	0	20	161	0	1	0
545	2	13	94	0	20	161	0	1	1
545	2	6	91	0	20	161	0	1	1
546	1	2	50	0	20	161	0	1	0
546	1	11	58	0	20	161	0	1	0
546	2	14	1	0	20	161	0	1	1
546	2	3	96	0	20	161	0	1	1
547	1	10	63	0	20	161	0	1	0
547	1	8	71	0	20	161	0	1	0
547	2	15	12	0	20	161	0	1	1
547	2	5	20	0	20	161	0	1	1
548	1	12	82	0	20	161	0	1	0
548	1	4	78	0	20	161	0	1	0
548	2	7	29	0	20	161	0	1	1
548	2	9	39	0	20	161	0	1	1
549	1	6	91	0	20	161	0	1	0
549	1	1	87	0	20	161	0	1	0
549	2	11	58	0	20	161	0	1	1
549	2	2	50	0	20	161	0	1	1
550	1	3	96	0	20	161	0	1	0
550	1	13	94	0	20	161	0	1	0
550	2	10	63	0	20	161	0	1	1
550	2	8	71	0	20	161	0	1	1
551	1	15	12	0	20	161	0	1	0
551	1	14	1	0	20	161	0	1	0
551	2	12	82	0	20	161	0	1	1
551	2	4	78	0	20	161	0	1	1
552	1	7	29	0	20	161	0	1	0
552	1	5	20	0	20	161	0	1	0
552	2	1	87	0	20	161	0	1	1
552	2	6	91	0	20	161	0	1	1
553	1	2	50	0	20	161	0	1	0
553	1	9	39	0	20	161	0	1	0
553	2	3	96	0	20	161	0	1	1
553	2	13	94	0	20	161	0	1	1
554	1	10	63	0	20	161	0	1	0
554	1	11	58	0	20	161	0	1	0
554	2	14	1	0	20	161	0	1	1
554	2	15	12	0	20	161	0	1	1
555	1	8	71	0	20	161	0	1	0
555	1	4	78	0	20	161	0	1	0
555	2	7	29	0	20	161	0	1	1
555	2	5	20	0	20	161	0	1	1
556	1	1	87	0	20	161	0	1	0
556	1	12	82	0	20	161	0	1	0
556	2	9	39	0	20	161	0	1	1
556	2	2	50	0	20	161	0	1	1
557	1	6	91	0	20	161	0	1	0
557	1	13	94	0	20	161	0	1	0
557	2	11	58	0	20	161	0	1	1
557	2	10	63	0	20	161	0	1	1
558	1	3	96	0	20	161	0	1	0
558	1	14	1	0	20	161	0	1	0
558	2	4	78	0	20	161	0	1	1
558	2	8	71	0	20	161	0	1	1
559	1	5	20	0	20	161	0	1	0
559	1	15	12	0	20	161	0	1	0
559	2	1	87	0	20	161	0	1	1
559	2	12	82	0	20	161	0	1	1
560	1	7	29	0	20	161	0	1	0
560	1	9	39	0	20	161	0	1	0
560	2	13	94	0	20	161	0	1	1
560	2	6	91	0	20	161	0	1	1
561	1	2	50	0	20	161	0	1	0
561	1	11	58	0	20	161	0	1	0
561	2	14	1	0	20	161	0	1	1
561	2	3	96	0	20	161	0	1	1
562	1	10	63	0	20	161	0	1	0
562	1	8	71	0	20	161	0	1	0
562	2	15	12	0	20	161	0	1	1
562	2	5	20	0	20	161	0	1	1
563	1	12	82	0	20	161	0	1	0
563	1	4	78	0	20	161	0	1	0
563	2	7	29	0	20	161	0	1	1
563	2	9	39	0	20	161	0	1	1
564	1	6	91	0	20	161	0	1	0
564	1	1	87	0	20	161	0	1	0
564	2	11	58	0	20	161	0	1	1
564	2	2	50	0	20	161	0	1	1
565	1	3	96	0	20	161	0	1	0
565	1	13	94	0	20	161	0	1	0
565	2	10	63	0	20	161	0	1	1
565	2	8	71	0	20	161	0	1	1
566	1	15	12	0	20	161	0	1	0
566	1	14	1	0	20	161	0	1	0
566	2	12	82	0	20	161	0	1	1
566	2	4	78	0	20	161	0	1	1
567	1	7	29	0	20	161	0	1	0
567	1	5	20	0	20	161	0	1	0
567	2	1	87	0	20	161	0	1	1
567	2	6	91	0	20	161	0	1	1
568	1	2	50	0	20	161	0	1	0
568	1	9	39	0	20	161	0	1	0
568	2	3	96	0	20	161	0	1	1
568	2	13	94	0	20	161	0	1	1
569	1	10	63	0	20	161	0	1	0
569	1	11	58	0	20	161	0	1	0
569	2	14	1	0	20	161	0	1	1
569	2	15	12	0	20	161	0	1	1
570	1	8	71	0	20	161	0	1	0
570	1	4	78	0	20	161	0	1	0
570	2	7	29	0	20	161	0	1	1
570	2	5	20	0	20	161	0	1	1
571	1	1	87	0	20	161	0	1	0
571	1	12	82	0	20	161	0	1	0
571	2	9	39	0	20	161	0	1	1
571	2	2	50	0	20	161	0	1	1
572	1	6	91	0	20	161	0	1	0
572	1	13	94	0	20	161	0	1	0
572	2	11	58	0	20	161	0	1	1
572	2	10	63	0	20	161	0	1	1
573	1	3	96	0	20	161	0	1	0
573	1	14	1	0	20	161	0	1	0
573	2	4	78	0	20	161	0	1	1
573	2	8	71	0	20	161	0	1	1
574	1	5	20	0	20	161	0	1	0
574	1	15	12	0	20	161	0	1	0
574	2	1	87	0	20	161	0	1	1
574	2	12	82	0	20	161	0	1	1
575	1	7	29	0	20	161	0	1	0
575	1	9	39	0	20	161	0	1	0
575	2	13	94	0	20	161	0	1	1
575	2	6	91	0	20	161	0	1	1
576	1	2	50	0	20	161	0	1	0
576	1	11	58	0	20	161	0	1	0
576	2	14	1	0	20	161	0	1	1
576	2	3	96	0	20	161	0	1	1
577	1	10	63	0	20	161	0	1	0
577	1	8	71	0	20	161	0	1	0
577	2	15	12	0	20	161	0	1	1
577	2	5	20	0	20	161	0	1	1
578	1	12	82	0	20	161	0	1	0
578	1	4	78	0	20	161	0	1	0
578	2	7	29	0	20	161	0	1	1
578	2	9	39	0	20	161	0	1	1
579	1	6	91	0	20	161	0	1	0
579	1	1	87	0	20	161	0	1	0
579	2	11	58	0	20	161	0	1	1
579	2	2	50	0	20	161	0	1	1
580	1	3	96	0	20	161	0	1	0
580	1	13	94	0	20	161	0	1	0
580	2	10	63	0	20	161	0	1	1
580	2	8	71	0	20	161	0	1	1
581	1	15	12	0	20	161	0	1	0
581	1	14	1	0	20	161	0	1	0
581	2	12	82	0	20	161	0	1	1
581	2	4	78	0	20	161	0	1	1
582	1	7	29	0	20	161	0	1	0
582	1	5	20	0	20	161	0	1	0
582	2	1	87	0	20	161	0	1	1
582	2	6	91	0	20	161	0	1	1
583	1	2	50	0	20	161	0	1	0
583	1	9	39	0	20	161	0	1	0
583	2	3	96	0	20	161	0	1	1
583	2	13	94	0	20	161	0	1	1
584	1	10	63	0	20	161	0	1	0
584	1	11	58	0	20	161	0	1	0
584	2	14	1	0	20	161	0	1	1
584	2	15	12	0	20	161	0	1	1
585	1	8	71	0	20	161	0	1	0
585	1	4	78	0	20	161	0	1	0
585	2	7	29	0	20	161	0	1	1
585	2	5	20	0	20	161	0	1	1
586	1	1	87	0	20	161	0	1	0
586	1	12	82	0	20	161	0	1	0
586	2	9	39	0	20	161	0	1	1
586	2	2	50	0	20	161	0	1	1
587	1	6	91	0	20	161	0	1	0
587	1	13	94	0	20	161	0	1	0
587	2	11	58	0	20	161	0	1	1
587	2	10	63	0	20	161	0	1	1
588	1	3	96	0	20	161	0	1	0
588	1	14	1	0	20	161	0	1	0
588	2	4	78	0	20	161	0	1	1
588	2	8	71	0	20	161	0	1	1
589	1	5	20	0	20	161	0	1	0
589	1	15	12	0	20	161	0	1	0
589	2	1	87	0	20	161	0	1	1
589	2	12	82	0	20	161	0	1	1
590	1	7	29	0	20	161	0	1	0
590	1	9	39	0	20	161	0	1	0
590	2	13	94	0	20	161	0	1	1
590	2	6	91	0	20	161	0	1	1
591	1	2	50	0	20	161	0	1	0
591	1	11	58	0	20	161	0	1	0
591	2	14	1	0	20	161	0	1	1
591	2	3	96	0	20	161	0	1	1
592	1	10	63	0	20	161	0	1	0
592	1	8	71	0	20	161	0	1	0
592	2	15	12	0	20	161	0	1	1
592	2	5	20	0	20	161	0	1	1
593	1	12	82	0	20	161	0	1	0
593	1	4	78	0	20	161	0	1	0
593	2	7	29	0	20	161	0	1	1
593	2	9	39	0	20	161	0	1	1
594	1	6	91	0	20	161	0	1	0
594	1	1	87	0	20	161	0	1	0
594	2	11	58	0	20	161	0	1	1
594	2	2	50	0	20	161	0	1	1
595	1	3	96	0	20	161	0	1	0
595	1	13	94	0	20	161	0	1	0
595	2	10	63	0	20	161	0	1	1
595	2	8	71	0	20	161	0	1	1
596	1	15	12	0	20	161	0	1	0
596	1	14	1	0	20	161	0	1	0
596	2	12	82	0	20	161	0	1	1
596	2	4	78	0	20	161	0	1	1
597	1	7	29	0	20	161	0	1	0
597	1	5	20	0	20	161	0	1	0
597	2	1	87	0	20	161	0	1	1
597	2	6	91	0	20	161	0	1	1
598	1	2	50	0	20	161	0	1	0
598	1	9	39	0	20	161	0	1	0
598	2	3	96	0	20	161	0	1	1
598	2	13	94	0	20	161	0	1	1
599	1	10	63	0	20	161	0	1	0
599	1	11	58	0	20	161	0	1	0
599	2	14	1	0	20	161	0	1	1
599	2	15	12	0	20	161	0	1	1
600	1	8	71	0	20	161	0	1	0
600	1	4	78	0	20	161	0	1	0
600	2	7	29	0	20	161	0	1	1
600	2	5	20	0	20	161	0	1	1
601	1	1	87	0	20	161	0	1	0
601	1	12	82	0	20	161	0	1	0
601	2	9	39	0	20	161	0	1	1
601	2	2	50	0	20	161	0	1	1
602	1	6	91	0	20	161	0	1	0
602	1	13	94	0	20	161	0	1	0
602	2	11	58	0	20	161	0	1	1
602	2	10	63	0	20	161	0	1	1
603	1	3	96	0	20	161	0	1	0
603	1	14	1	0	20	161	0	1	0
603	2	4	78	0	20	161	0	1	1
603	2	8	71	0	20	161	0	1	1
604	1	5	20	0	20	161	0	1	0
604	1	15	12	0	20	161	0	1	0
604	2	1	87	0	20	161	0	1	1
604	2	12	82	0	20	161	0	1	1
605	1	7	29	0	20	161	0	1	0
605	1	9	39	0	20	161	0	1	0
605	2	13	94	0	20	161	0	1	1
605	2	6	91	0	20	161	0	1	1
606	1	2	50	0	20	161	0	1	0
606	1	11	58	0	20	161	0	1	0
606	2	14	1	0	20	161	0	1	1
606	2	3	96	0	20	161	0	1	1
607	1	10	63	0	20	161	0	1	0
607	1	8	71	0	20	161	0	1	0
607	2	15	12	0	20	161	0	1	1
607	2	5	20	0	20	161	0	1	1
608	1	12	82	0	20	161	0	1	0
608	1	4	78	0	20	161	0	1	0
608	2	7	29	0	20	161	0	1	1
608	2	9	39	0	20	161	0	1	1
609	1	6	91	0	20	161	0	1	0
609	1	1	87	0	20	161	0	1	0
609	2	11	58	0	20	161	0	1	1
609	2	2	50	0	20	161	0	1	1
610	1	3	96	0	20	161	0	1	0
610	1	13	94	0	20	161	0	1	0
610	2	10	63	0	20	161	0	1	1
610	2	8	71	0	20	161	0	1	1
611	1	15	12	0	20	161	0	1	0
611	1	14	1	0	20	161	0	1	0
611	2	12	82	0	20	161	0	1	1
611	2	4	78	0	20	161	0	1	1
612	1	7	29	0	20	161	0	1	0
612	1	5	20	0	20	161	0	1	0
612	2	1	87	0	20	161	0	1	1
612	2	6	91	0	20	161	0	1	1
613	1	2	50	0	20	161	0	1	0
613	1	9	39	0	20	161	0	1	0
613	2	3	96	0	20	161	0	1	1
613	2	13	94	0	20	161	0	1	1
614	1	10	63	0	20	161	0	1	0
614	1	11	58	0	20	161	0	1	0
614	2	14	1	0	20	161	0	1	1
614	2	15	12	0	20	161	0	1	1
615	1	8	71	0	20	161	0	1	0
615	1	4	78	0	20	161	0	1	0
615	2	7	29	0	20	161	0	1	1
615	2	5	20	0	20	161	0	1	1
616	1	1	87	0	20	161	0	1	0
616	1	12	82	0	20	161	0	1	0
616	2	9	39	0	20	161	0	1	1
616	2	2	50	0	20	161	0	1	1
617	1	6	91	0	20	161	0	1	0
617	1	13	94	0	20	161	0	1	0
617	2	11	58	0	20	161	0	1	1
617	2	10	63	0	20	161	0	1	1
618	1	3	96	0	20	161	0	1	0
618	1	14	1	0	20	161	0	1	0
618	2	4	78	0	20	161	0	1	1
618	2	8	71	0	20	161	0	1	1
619	1	5	20	0	20	161	0	1	0
619	1	15	12	0	20	161	0	1	0
619	2	1	87	0	20	161	0	1	1
619	2	12	82	0	20	161	0	1	1
620	1	7	29	0	20	161	0	1	0
620	1	9	39	0	20	161	0	1	0
620	2	13	94	0	20	161	0	1	1
620	2	6	91	0	20	161	0	1	1
621	1	2	50	0	20	161	0	1	0
621	1	11	58	0	20	161	0	1	0
621	2	14	1	0	20	161	0	1	1
621	2	3	96	0	20	161	0	1	1
622	1	10	63	0	20	161	0	1	0
622	1	8	71	0	20	161	0	1	0
622	2	15	12	0	20	161	0	1	1
622	2	5	20	0	20	161	0	1	1
623	1	12	82	0	20	161	0	1	0
623	1	4	78	0	20	161	0	1	0
623	2	7	29	0	20	161	0	1	1
623	2	9	39	0	20	161	0	1	1
624	1	6	91	0	20	161	0	1	0
624	1	1	87	0	20	161	0	1	0
624	2	11	58	0	20	161	0	1	1
624	2	2	50	0	20	161	0	1	1
625	1	3	96	0	20	161	0	1	0
625	1	13	94	0	20	161	0	1	0
625	2	10	63	0	20	161	0	1	1
625	2	8	71	0	20	161	0	1	1
626	1	15	12	0	20	161	0	1	0
626	1	14	1	0	20	161	0	1	0
626	2	12	82	0	20	161	0	1	1
626	2	4	78	0	20	161	0	1	1
627	1	7	29	0	20	161	0	1	0
627	1	5	20	0	20	161	0	1	0
627	2	1	87	0	20	161	0	1	1
627	2	6	91	0	20	161	0	1	1
628	1	2	50	0	20	161	0	1	0
628	1	9	39	0	20	161	0	1	0
628	2	3	96	0	20	161	0	1	1
628	2	13	94	0	20	161	0	1	1
629	1	10	63	0	20	161	0	1	0
629	1	11	58	0	20	161	0	1	0
629	2	14	1	0	20	161	0	1	1
629	2	15	12	0	20	161	0	1	1
630	1	8	71	0	20	161	0	1	0
630	1	4	78	0	20	161	0	1	0
630	2	7	29	0	20	161	0	1	1
630	2	5	20	0	20	161	0	1	1
631	1	1	87	0	20	161	0	1	0
631	1	12	82	0	20	161	0	1	0
631	2	9	39	0	20	161	0	1	1
631	2	2	50	0	20	161	0	1	1
632	1	6	91	0	20	161	0	1	0
632	1	13	94	0	20	161	0	1	0
632	2	11	58	0	20	161	0	1	1
632	2	10	63	0	20	161	0	1	1
633	1	3	96	0	20	161	0	1	0
633	1	14	1	0	20	161	0	1	0
633	2	4	78	0	20	161	0	1	1
633	2	8	71	0	20	161	0	1	1
634	1	5	20	0	20	161	0	1	0
634	1	15	12	0	20	161	0	1	0
634	2	1	87	0	20	161	0	1	1
634	2	12	82	0	20	161	0	1	1
635	1	7	29	0	20	161	0	1	0
635	1	9	39	0	20	161	0	1	0
635	2	13	94	0	20	161	0	1	1
635	2	6	91	0	20	161	0	1	1
636	1	2	50	0	20	161	0	1	0
636	1	11	58	0	20	161	0	1	0
636	2	14	1	0	20	161	0	1	1
636	2	3	96	0	20	161	0	1	1
637	1	10	63	0	20	161	0	1	0
637	1	8	71	0	20	161	0	1	0
637	2	15	12	0	20	161	0	1	1
637	2	5	20	0	20	161	0	1	1
638	1	12	82	0	20	161	0	1	0
638	1	4	78	0	20	161	0	1	0
638	2	7	29	0	20	161	0	1	1
638	2	9	39	0	20	161	0	1	1
639	1	6	91	0	20	161	0	1	0
639	1	1	87	0	20	161	0	1	0
639	2	11	58	0	20	161	0	1	1
639	2	2	50	0	20	161	0	1	1
640	1	3	96	0	20	161	0	1	0
640	1	13	94	0	20	161	0	1	0
640	2	10	63	0	20	161	0	1	1
640	2	8	71	0	20	161	0	1	1
641	1	15	12	0	20	161	0	1	0
641	1	14	1	0	20	161	0	1	0
641	2	12	82	0	20	161	0	1	1
641	2	4	78	0	20	161	0	1	1
642	1	7	29	0	20	161	0	1	0
642	1	5	20	0	20	161	0	1	0
642	2	1	87	0	20	161	0	1	1
642	2	6	91	0	20	161	0	1	1
643	1	2	50	0	20	161	0	1	0
643	1	9	39	0	20	161	0	1	0
643	2	3	96	0	20	161	0	1	1
643	2	13	94	0	20	161	0	1	1
644	1	10	63	0	20	161	0	1	0
644	1	11	58	0	20	161	0	1	0
644	2	14	1	0	20	161	0	1	1
644	2	15	12	0	20	161	0	1	1
645	1	8	71	0	20	161	0	1	0
645	1	4	78	0	20	161	0	1	0
645	2	7	29	0	20	161	0	1	1
645	2	5	20	0	20	161	0	1	1
646	1	1	87	0	20	161	0	1	0
646	1	12	82	0	20	161	0	1	0
646	2	9	39	0	20	161	0	1	1
646	2	2	50	0	20	161	0	1	1
647	1	6	91	0	20	161	0	1	0
647	1	13	94	0	20	161	0	1	0
647	2	11	58	0	20	161	0	1	1
647	2	10	63	0	20	161	0	1	1
648	1	3	96	0	20	161	0	1	0
648	1	14	1	0	20	161	0	1	0
648	2	4	78	0	20	161	0	1	1
648	2	8	71	0	20	161	0	1	1
649	1	5	20	0	20	161	0	1	0
649	1	15	12	0	20	161	0	1	0
649	2	1	87	0	20	161	0	1	1
649	2	12	82	0	20	161	0	1	1
650	1	7	29	0	20	161	0	1	0
650	1	9	39	0	20	161	0	1	0
650	2	13	94	0	20	161	0	1	1
650	2	6	91	0	20	161	0	1	1
651	1	2	50	0	20	161	0	1	0
651	1	11	58	0	20	161	0	1	0
651	2	14	1	0	20	161	0	1	1
651	2	3	96	0	20	161	0	1	1
652	1	10	63	0	20	161	0	1	0
652	1	8	71	0	20	161	0	1	0
652	2	15	12	0	20	161	0	1	1
652	2	5	20	0	20	161	0	1	1
653	1	12	82	0	20	161	0	1	0
653	1	4	78	0	20	161	0	1	0
653	2	7	29	0	20	161	0	1	1
653	2	9	39	0	20	161	0	1	1
654	1	6	91	0	20	161	0	1	0
654	1	1	87	0	20	161	0	1	0
654	2	11	58	0	20	161	0	1	1
654	2	2	50	0	20	161	0	1	1
655	1	3	96	0	20	161	0	1	0
655	1	13	94	0	20	161	0	1	0
655	2	10	63	0	20	161	0	1	1
655	2	8	71	0	20	161	0	1	1
656	1	15	12	0	20	161	0	1	0
656	1	14	1	0	20	161	0	1	0
656	2	12	82	0	20	161	0	1	1
656	2	4	78	0	20	161	0	1	1
657	1	7	29	0	20	161	0	1	0
657	1	5	20	0	20	161	0	1	0
657	2	1	87	0	20	161	0	1	1
657	2	6	91	0	20	161	0	1	1
658	1	2	50	0	20	161	0	1	0
658	1	9	39	0	20	161	0	1	0
658	2	3	96	0	20	161	0	1	1
658	2	13	94	0	20	161	0	1	1
659	1	10	63	0	20	161	0	1	0
659	1	11	58	0	20	161	0	1	0
659	2	14	1	0	20	161	0	1	1
659	2	15	12	0	20	161	0	1	1
660	1	8	71	0	20	161	0	1	0
660	1	4	78	0	20	161	0	1	0
660	2	7	29	0	20	161	0	1	1
660	2	5	20	0	20	161	0	1	1
661	1	1	87	0	20	161	0	1	0
661	1	12	82	0	20	161	0	1	0
661	2	9	39	0	20	161	0	1	1
661	2	2	50	0	20	161	0	1	1
662	1	6	91	0	20	161	0	1	0
662	1	13	94	0	20	161	0	1	0
662	2	11	58	0	20	161	0	1	1
662	2	10	63	0	20	161	0	1	1
663	1	3	96	0	20	161	0	1	0
663	1	14	1	0	20	161	0	1	0
663	2	4	78	0	20	161	0	1	1
663	2	8	71	0	20	161	0	1	1
664	1	5	20	0	20	161	0	1	0
664	1	15	12	0	20	161	0	1	0
664	2	1	87	0	20	161	0	1	1
664	2	12	82	0	20	161	0	1	1
665	1	7	29	0	20	161	0	1	0
665	1	9	39	0	20	161	0	1	0
665	2	13	94	0	20	161	0	1	1
665	2	6	91	0	20	161	0	1	1
666	1	2	50	0	20	161	0	1	0
666	1	11	58	0	20	161	0	1	0
666	2	14	1	0	20	161	0	1	1
666	2	3	96	0	20	161	0	1	1
667	1	10	63	0	20	161	0	1	0
667	1	8	71	0	20	161	0	1	0
667	2	15	12	0	20	161	0	1	1
667	2	5	20	0	20	161	0	1	1
668	1	12	82	0	20	161	0	1	0
668	1	4	78	0	20	161	0	1	0
668	2	7	29	0	20	161	0	1	1
668	2	9	39	0	20	161	0	1	1
669	1	6	91	0	20	161	0	1	0
669	1	1	87	0	20	161	0	1	0
669	2	11	58	0	20	161	0	1	1
669	2	2	50	0	20	161	0	1	1
670	1	3	96	0	20	161	0	1	0
670	1	13	94	0	20	161	0	1	0
670	2	10	63	0	20	161	0	1	1
670	2	8	71	0	20	161	0	1	1
671	1	15	12	0	20	161	0	1	0
671	1	14	1	0	20	161	0	1	0
671	2	12	82	0	20	161	0	1	1
671	2	4	78	0	20	161	0	1	1
672	1	7	29	0	20	161	0	1	0
672	1	5	20	0	20	161	0	1	0
672	2	1	87	0	20	161	0	1	1
672	2	6	91	0	20	161	0	1	1
673	1	2	50	0	20	161	0	1	0
673	1	9	39	0	20	161	0	1	0
673	2	3	96	0	20	161	0	1	1
673	2	13	94	0	20	161	0	1	1
674	1	10	63	0	20	161	0	1	0
674	1	11	58	0	20	161	0	1	0
674	2	14	1	0	20	161	0	1	1
674	2	15	12	0	20	161	0	1	1
675	1	8	71	0	20	161	0	1	0
675	1	4	78	0	20	161	0	1	0
675	2	7	29	0	20	161	0	1	1
675	2	5	20	0	20	161	0	1	1
676	1	1	87	0	20	161	0	1	0
676	1	12	82	0	20	161	0	1	0
676	2	9	39	0	20	161	0	1	1
676	2	2	50	0	20	161	0	1	1
677	1	6	91	0	20	161	0	1	0
677	1	13	94	0	20	161	0	1	0
677	2	11	58	0	20	161	0	1	1
677	2	10	63	0	20	161	0	1	1
678	1	3	96	0	20	161	0	1	0
678	1	14	1	0	20	161	0	1	0
678	2	4	78	0	20	161	0	1	1
678	2	8	71	0	20	161	0	1	1
679	1	5	20	0	20	161	0	1	0
679	1	15	12	0	20	161	0	1	0
679	2	1	87	0	20	161	0	1	1
679	2	12	82	0	20	161	0	1	1
680	1	7	29	0	20	161	0	1	0
680	1	9	39	0	20	161	0	1	0
680	2	13	94	0	20	161	0	1	1
680	2	6	91	0	20	161	0	1	1
681	1	2	50	0	20	161	0	1	0
681	1	11	58	0	20	161	0	1	0
681	2	14	1	0	20	161	0	1	1
681	2	3	96	0	20	161	0	1	1
682	1	10	63	0	20	161	0	1	0
682	1	8	71	0	20	161	0	1	0
682	2	15	12	0	20	161	0	1	1
682	2	5	20	0	20	161	0	1	1
683	1	12	82	0	20	161	0	1	0
683	1	4	78	0	20	161	0	1	0
683	2	7	29	0	20	161	0	1	1
683	2	9	39	0	20	161	0	1	1
684	1	6	91	0	20	161	0	1	0
684	1	1	87	0	20	161	0	1	0
684	2	11	58	0	20	161	0	1	1
684	2	2	50	0	20	161	0	1	1
685	1	3	96	0	20	161	0	1	0
685	1	13	94	0	20	161	0	1	0
685	2	10	63	0	20	161	0	1	1
685	2	8	71	0	20	161	0	1	1
686	1	15	12	0	20	161	0	1	0
686	1	14	1	0	20	161	0	1	0
686	2	12	82	0	20	161	0	1	1
686	2	4	78	0	20	161	0	1	1
687	1	7	29	0	20	161	0	1	0
687	1	5	20	0	20	161	0	1	0
687	2	1	87	0	20	161	0	1	1
687	2	6	91	0	20	161	0	1	1
688	1	2	50	0	20	161	0	1	0
688	1	9	39	0	20	161	0	1	0
688	2	3	96	0	20	161	0	1	1
688	2	13	94	0	20	161	0	1	1
689	1	10	63	0	20	161	0	1	0
689	1	11	58	0	20	161	0	1	0
689	2	14	1	0	20	161	0	1	1
689	2	15	12	0	20	161	0	1	1
690	1	8	71	0	20	161	0	1	0
690	1	4	78	0	20	161	0	1	0
690	2	7	29	0	20	161	0	1	1
690	2	5	20	0	20	161	0	1	1
691	1	1	87	0	20	161	0	1	0
691	1	12	82	0	20	161	0	1	0
691	2	9	39	0	20	161	0	1	1
691	2	2	50	0	20	161	0	1	1
692	1	6	91	0	20	161	0	1	0
692	1	13	94	0	20	161	0	1	0
692	2	11	58	0	20	161	0	1	1
692	2	10	63	0	20	161	0	1	1
693	1	3	96	0	20	161	0	1	0
693	1	14	1	0	20	161	0	1	0
693	2	4	78	0	20	161	0	1	1
693	2	8	71	0	20	161	0	1	1
694	1	5	20	0	20	161	0	1	0
694	1	15	12	0	20	161	0	1	0
694	2	1	87	0	20	161	0	1	1
694	2	12	82	0	20	161	0	1	1
695	1	7	29	0	20	161	0	1	0
695	1	9	39	0	20	161	0	1	0
695	2	13	94	0	20	161	0	1	1
695	2	6	91	0	20	161	0	1	1
696	1	2	50	0	20	161	0	1	0
696	1	11	58	0	20	161	0	1	0
696	2	14	1	0	20	161	0	1	1
696	2	3	96	0	20	161	0	1	1
697	1	10	63	0	20	161	0	1	0
697	1	8	71	0	20	161	0	1	0
697	2	15	12	0	20	161	0	1	1
697	2	5	20	0	20	161	0	1	1
698	1	12	82	0	20	161	0	1	0
698	1	4	78	0	20	161	0	1	0
698	2	7	29	0	20	161	0	1	1
698	2	9	39	0	20	161	0	1	1
699	1	6	91	0	20	161	0	1	0
699	1	1	87	0	20	161	0	1	0
699	2	11	58	0	20	161	0	1	1
699	2	2	50	0	20	161	0	1	1
700	1	3	96	0	20	161	0	1	0
700	1	13	94	0	20	161	0	1	0
700	2	10	63	0	20	161	0	1	1
700	2	8	71	0	20	161	0	1	1
701	1	15	12	0	20	161	0	1	0
701	1	14	1	0	20	161	0	1	0
701	2	12	82	0	20	161	0	1	1
701	2	4	78	0	20	161	0	1	1
702	1	7	29	0	20	161	0	1	0
702	1	5	20	0	20	161	0	1	0
702	2	1	87	0	20	161	0	1	1
702	2	6	91	0	20	161	0	1	1
703	1	2	50	0	20	161	0	1	0
703	1	9	39	0	20	161	0	1	0
703	2	3	96	0	20	161	0	1	1
703	2	13	94	0	20	161	0	1	1
704	1	10	63	0	20	161	0	1	0
704	1	11	58	0	20	161	0	1	0
704	2	14	1	0	20	161	0	1	1
704	2	15	12	0	20	161	0	1	1
705	1	8	71	0	20	161	0	1	0
705	1	4	78	0	20	161	0	1	0
705	2	7	29	0	20	161	0	1	1
705	2	5	20	0	20	161	0	1	1
706	1	1	87	0	20	161	0	1	0
706	1	12	82	0	20	161	0	1	0
706	2	9	39	0	20	161	0	1	1
706	2	2	50	0	20	161	0	1	1
707	1	6	91	0	20	161	0	1	0
707	1	13	94	0	20	161	0	1	0
707	2	11	58	0	20	161	0	1	1
707	2	10	63	0	20	161	0	1	1
708	1	3	96	0	20	161	0	1	0
708	1	14	1	0	20	161	0	1	0
708	2	4	78	0	20	161	0	1	1
708	2	8	71	0	20	161	0	1	1
709	1	5	20	0	20	161	0	1	0
709	1	15	12	0	20	161	0	1	0
709	2	1	87	0	20	161	0	1	1
709	2	12	82	0	20	161	0	1	1
710	1	7	29	0	20	161	0	1	0
710	1	9	39	0	20	161	0	1	0
710	2	13	94	0	20	161	0	1	1
710	2	6	91	0	20	161	0	1	1
711	1	2	50	0	20	161	0	1	0
711	1	11	58	0	20	161	0	1	0
711	2	14	1	0	20	161	0	1	1
711	2	3	96	0	20	161	0	1	1
712	1	10	63	0	20	161	0	1	0
712	1	8	71	0	20	161	0	1	0
712	2	15	12	0	20	161	0	1	1
712	2	5	20	0	20	161	0	1	1
713	1	12	82	0	20	161	0	1	0
713	1	4	78	0	20	161	0	1	0
713	2	7	29	0	20	161	0	1	1
713	2	9	39	0	20	161	0	1	1
714	1	6	91	0	20	161	0	1	0
714	1	1	87	0	20	161	0	1	0
714	2	11	58	0	20	161	0	1	1
714	2	2	50	0	20	161	0	1	1
715	1	3	96	0	20	161	0	1	0
715	1	13	94	0	20	161	0	1	0
715	2	10	63	0	20	161	0	1	1
715	2	8	71	0	20	161	0	1	1
716	1	15	12	0	20	161	0	1	0
716	1	14	1	0	20	161	0	1	0
716	2	12	82	0	20	161	0	1	1
716	2	4	78	0	20	161	0	1	1
717	1	7	29	0	20	161	0	1	0
717	1	5	20	0	20	161	0	1	0
717	2	1	87	0	20	161	0	1	1
717	2	6	91	0	20	161	0	1	1
718	1	2	50	0	20	161	0	1	0
718	1	9	39	0	20	161	0	1	0
718	2	3	96	0	20	161	0	1	1
718	2	13	94	0	20	161	0	1	1
719	1	10	63	0	20	161	0	1	0
719	1	11	58	0	20	161	0	1	0
719	2	14	1	0	20	161	0	1	1
719	2	15	12	0	20	161	0	1	1
720	1	8	71	0	20	161	0	1	0
720	1	4	78	0	20	161	0	1	0
720	2	7	29	0	20	161	0	1	1
720	2	5	20	0	20	161	0	1	1
721	1	1	87	0	20	161	0	1	0
721	1	12	82	0	20	161	0	1	0
721	2	9	39	0	20	161	0	1	1
721	2	2	50	0	20	161	0	1	1
722	1	6	91	0	20	161	0	1	0
722	1	13	94	0	20	161	0	1	0
722	2	11	58	0	20	161	0	1	1
722	2	10	63	0	20	161	0	1	1
723	1	3	96	0	20	161	0	1	0
723	1	14	1	0	20	161	0	1	0
723	2	4	78	0	20	161	0	1	1
723	2	8	71	0	20	161	0	1	1
724	1	5	20	0	20	161	0	1	0
724	1	15	12	0	20	161	0	1	0
724	2	1	87	0	20	161	0	1	1
724	2	12	82	0	20	161	0	1	1
725	1	7	29	0	20	161	0	1	0
725	1	9	39	0	20	161	0	1	0
725	2	13	94	0	20	161	0	1	1
725	2	6	91	0	20	161	0	1	1
726	1	2	50	0	20	161	0	1	0
726	1	11	58	0	20	161	0	1	0
726	2	14	1	0	20	161	0	1	1
726	2	3	96	0	20	161	0	1	1
727	1	10	63	0	20	161	0	1	0
727	1	8	71	0	20	161	0	1	0
727	2	15	12	0	20	161	0	1	1
727	2	5	20	0	20	161	0	1	1
728	1	12	82	0	20	161	0	1	0
728	1	4	78	0	20	161	0	1	0
728	2	7	29	0	20	161	0	1	1
728	2	9	39	0	20	161	0	1	1
729	1	6	91	0	20	161	0	1	0
729	1	1	87	0	20	161	0	1	0
729	2	11	58	0	20	161	0	1	1
729	2	2	50	0	20	161	0	1	1
730	1	3	96	0	20	161	0	1	0
730	1	13	94	0	20	161	0	1	0
730	2	10	63	0	20	161	0	1	1
730	2	8	71	0	20	161	0	1	1
731	1	15	12	0	20	161	0	1	0
731	1	14	1	0	20	161	0	1	0
731	2	12	82	0	20	161	0	1	1
731	2	4	78	0	20	161	0	1	1
732	1	7	29	0	20	161	0	1	0
732	1	5	20	0	20	161	0	1	0
732	2	1	87	0	20	161	0	1	1
732	2	6	91	0	20	161	0	1	1
733	1	2	50	0	20	161	0	1	0
733	1	9	39	0	20	161	0	1	0
733	2	3	96	0	20	161	0	1	1
733	2	13	94	0	20	161	0	1	1
734	1	10	63	0	20	161	0	1	0
734	1	11	58	0	20	161	0	1	0
734	2	14	1	0	20	161	0	1	1
734	2	15	12	0	20	161	0	1	1
735	1	8	71	0	20	161	0	1	0
735	1	4	78	0	20	161	0	1	0
735	2	7	29	0	20	161	0	1	1
735	2	5	20	0	20	161	0	1	1
736	1	1	87	0	20	161	0	1	0
736	1	12	82	0	20	161	0	1	0
736	2	9	39	0	20	161	0	1	1
736	2	2	50	0	20	161	0	1	1
737	1	6	91	0	20	161	0	1	0
737	1	13	94	0	20	161	0	1	0
737	2	11	58	0	20	161	0	1	1
737	2	10	63	0	20	161	0	1	1
738	1	3	96	0	20	161	0	1	0
738	1	14	1	0	20	161	0	1	0
738	2	4	78	0	20	161	0	1	1
738	2	8	71	0	20	161	0	1	1
739	1	5	20	0	20	161	0	1	0
739	1	15	12	0	20	161	0	1	0
739	2	1	87	0	20	161	0	1	1
739	2	12	82	0	20	161	0	1	1
740	1	7	29	0	20	161	0	1	0
740	1	9	39	0	20	161	0	1	0
740	2	13	94	0	20	161	0	1	1
740	2	6	91	0	20	161	0	1	1
741	1	2	50	0	20	161	0	1	0
741	1	11	58	0	20	161	0	1	0
741	2	14	1	0	20	161	0	1	1
741	2	3	96	0	20	161	0	1	1
742	1	10	63	0	20	161	0	1	0
742	1	8	71	0	20	161	0	1	0
742	2	15	12	0	20	161	0	1	1
742	2	5	20	0	20	161	0	1	1
743	1	12	82	0	20	161	0	1	0
743	1	4	78	0	20	161	0	1	0
743	2	7	29	0	20	161	0	1	1
743	2	9	39	0	20	161	0	1	1
744	1	6	91	0	20	161	0	1	0
744	1	1	87	0	20	161	0	1	0
744	2	11	58	0	20	161	0	1	1
744	2	2	50	0	20	161	0	1	1
745	1	3	96	0	20	161	0	1	0
745	1	13	94	0	20	161	0	1	0
745	2	10	63	0	20	161	0	1	1
745	2	8	71	0	20	161	0	1	1
746	1	15	12	0	20	161	0	1	0
746	1	14	1	0	20	161	0	1	0
746	2	12	82	0	20	161	0	1	1
746	2	4	78	0	20	161	0	1	1
747	1	7	29	0	20	161	0	1	0
747	1	5	20	0	20	161	0	1	0
747	2	1	87	0	20	161	0	1	1
747	2	6	91	0	20	161	0	1	1
748	1	2	50	0	20	161	0	1	0
748	1	9	39	0	20	161	0	1	0
748	2	3	96	0	20	161	0	1	1
748	2	13	94	0	20	161	0	1	1
749	1	10	63	0	20	161	0	1	0
749	1	11	58	0	20	161	0	1	0
749	2	14	1	0	20	161	0	1	1
749	2	15	12	0	20	161	0	1	1
750	1	8	71	0	20	161	0	1	0
750	1	4	78	0	20	161	0	1	0
750	2	7	29	0	20	161	0	1	1
750	2	5	20	0	20	161	0	1	1
751	1	1	87	0	20	161	0	1	0
751	1	12	82	0	20	161	0	1	0
751	2	9	39	0	20	161	0	1	1
751	2	2	50	0	20	161	0	1	1
752	1	6	91	0	20	161	0	1	0
752	1	13	94	0	20	161	0	1	0
752	2	11	58	0	20	161	0	1	1
752	2	10	63	0	20	161	0	1	1
753	1	3	96	0	20	161	0	1	0
753	1	14	1	0	20	161	0	1	0
753	2	4	78	0	20	161	0	1	1
753	2	8	71	0	20	161	0	1	1
754	1	5	20	0	20	161	0	1	0
754	1	15	12	0	20	161	0	1	0
754	2	1	87	0	20	161	0	1	1
754	2	12	82	0	20	161	0	1	1
755	1	7	29	0	20	161	0	1	0
755	1	9	39	0	20	161	0	1	0
755	2	13	94	0	20	161	0	1	1
755	2	6	91	0	20	161	0	1	1
756	1	2	50	0	20	161	0	1	0
756	1	11	58	0	20	161	0	1	0
756	2	14	1	0	20	161	0	1	1
756	2	3	96	0	20	161	0	1	1
757	1	10	63	0	20	161	0	1	0
757	1	8	71	0	20	161	0	1	0
757	2	15	12	0	20	161	0	1	1
757	2	5	20	0	20	161	0	1	1
758	1	12	82	0	20	161	0	1	0
758	1	4	78	0	20	161	0	1	0
758	2	7	29	0	20	161	0	1	1
758	2	9	39	0	20	161	0	1	1
759	1	6	91	0	20	161	0	1	0
759	1	1	87	0	20	161	0	1	0
759	2	11	58	0	20	161	0	1	1
759	2	2	50	0	20	161	0	1	1
760	1	3	96	0	20	161	0	1	0
760	1	13	94	0	20	161	0	1	0
760	2	10	63	0	20	161	0	1	1
760	2	8	71	0	20	161	0	1	1
761	1	15	12	0	20	161	0	1	0
761	1	14	1	0	20	161	0	1	0
761	2	12	82	0	20	161	0	1	1
761	2	4	78	0	20	161	0	1	1
762	1	7	29	0	20	161	0	1	0
762	1	5	20	0	20	161	0	1	0
762	2	1	87	0	20	161	0	1	1
762	2	6	91	0	20	161	0	1	1
763	1	2	50	0	20	161	0	1	0
763	1	9	39	0	20	161	0	1	0
763	2	3	96	0	20	161	0	1	1
763	2	13	94	0	20	161	0	1	1
764	1	10	63	0	20	161	0	1	0
764	1	11	58	0	20	161	0	1	0
764	2	14	1	0	20	161	0	1	1
764	2	15	12	0	20	161	0	1	1
765	1	8	71	0	20	161	0	1	0
765	1	4	78	0	20	161	0	1	0
765	2	7	29	0	20	161	0	1	1
765	2	5	20	0	20	161	0	1	1
766	1	1	87	0	20	161	0	1	0
766	1	12	82	0	20	161	0	1	0
766	2	9	39	0	20	161	0	1	1
766	2	2	50	0	20	161	0	1	1
767	1	6	91	0	20	161	0	1	0
767	1	13	94	0	20	161	0	1	0
767	2	11	58	0	20	161	0	1	1
767	2	10	63	0	20	161	0	1	1
768	1	3	96	0	20	161	0	1	0
768	1	14	1	0	20	161	0	1	0
768	2	4	78	0	20	161	0	1	1
768	2	8	71	0	20	161	0	1	1
769	1	5	20	0	20	161	0	1	0
769	1	15	12	0	20	161	0	1	0
769	2	1	87	0	20	161	0	1	1
769	2	12	82	0	20	161	0	1	1
770	1	7	29	0	20	161	0	1	0
770	1	9	39	0	20	161	0	1	0
770	2	13	94	0	20	161	0	1	1
770	2	6	91	0	20	161	0	1	1
771	1	2	50	0	20	161	0	1	0
771	1	11	58	0	20	161	0	1	0
771	2	14	1	0	20	161	0	1	1
771	2	3	96	0	20	161	0	1	1
772	1	10	63	0	20	161	0	1	0
772	1	8	71	0	20	161	0	1	0
772	2	15	12	0	20	161	0	1	1
772	2	5	20	0	20	161	0	1	1
773	1	12	82	0	20	161	0	1	0
773	1	4	78	0	20	161	0	1	0
773	2	7	29	0	20	161	0	1	1
773	2	9	39	0	20	161	0	1	1
774	1	6	91	0	20	161	0	1	0
774	1	1	87	0	20	161	0	1	0
774	2	11	58	0	20	161	0	1	1
774	2	2	50	0	20	161	0	1	1
775	1	3	96	0	20	161	0	1	0
775	1	13	94	0	20	161	0	1	0
775	2	10	63	0	20	161	0	1	1
775	2	8	71	0	20	161	0	1	1
776	1	15	12	0	20	161	0	1	0
776	1	14	1	0	20	161	0	1	0
776	2	12	82	0	20	161	0	1	1
776	2	4	78	0	20	161	0	1	1
777	1	7	29	0	20	161	0	1	0
777	1	5	20	0	20	161	0	1	0
777	2	1	87	0	20	161	0	1	1
777	2	6	91	0	20	161	0	1	1
778	1	2	50	0	20	161	0	1	0
778	1	9	39	0	20	161	0	1	0
778	2	3	96	0	20	161	0	1	1
778	2	13	94	0	20	161	0	1	1
779	1	10	63	0	20	161	0	1	0
779	1	11	58	0	20	161	0	1	0
779	2	14	1	0	20	161	0	1	1
779	2	15	12	0	20	161	0	1	1
780	1	8	71	0	20	161	0	1	0
780	1	4	78	0	20	161	0	1	0
780	2	7	29	0	20	161	0	1	1
780	2	5	20	0	20	161	0	1	1
781	1	1	87	0	20	161	0	1	0
781	1	12	82	0	20	161	0	1	0
781	2	9	39	0	20	161	0	1	1
781	2	2	50	0	20	161	0	1	1
782	1	6	91	0	20	161	0	1	0
782	1	13	94	0	20	161	0	1	0
782	2	11	58	0	20	161	0	1	1
782	2	10	63	0	20	161	0	1	1
783	1	3	96	0	20	161	0	1	0
783	1	14	1	0	20	161	0	1	0
783	2	4	78	0	20	161	0	1	1
783	2	8	71	0	20	161	0	1	1
784	1	5	20	0	20	161	0	1	0
784	1	15	12	0	20	161	0	1	0
784	2	1	87	0	20	161	0	1	1
784	2	12	82	0	20	161	0	1	1
785	1	7	29	0	20	161	0	1	0
785	1	9	39	0	20	161	0	1	0
785	2	13	94	0	20	161	0	1	1
785	2	6	91	0	20	161	0	1	1
786	1	2	50	0	20	161	0	1	0
786	1	11	58	0	20	161	0	1	0
786	2	14	1	0	20	161	0	1	1
786	2	3	96	0	20	161	0	1	1
787	1	10	63	0	20	161	0	1	0
787	1	8	71	0	20	161	0	1	0
787	2	15	12	0	20	161	0	1	1
787	2	5	20	0	20	161	0	1	1
788	1	12	82	0	20	161	0	1	0
788	1	4	78	0	20	161	0	1	0
788	2	7	29	0	20	161	0	1	1
788	2	9	39	0	20	161	0	1	1
789	1	6	91	0	20	161	0	1	0
789	1	1	87	0	20	161	0	1	0
789	2	11	58	0	20	161	0	1	1
789	2	2	50	0	20	161	0	1	1
790	1	3	96	0	20	161	0	1	0
790	1	13	94	0	20	161	0	1	0
790	2	10	63	0	20	161	0	1	1
790	2	8	71	0	20	161	0	1	1
791	1	15	12	0	20	161	0	1	0
791	1	14	1	0	20	161	0	1	0
791	2	12	82	0	20	161	0	1	1
791	2	4	78	0	20	161	0	1	1
792	1	7	29	0	20	161	0	1	0
792	1	5	20	0	20	161	0	1	0
792	2	1	87	0	20	161	0	1	1
792	2	6	91	0	20	161	0	1	1
793	1	2	50	0	20	161	0	1	0
793	1	9	39	0	20	161	0	1	0
793	2	3	96	0	20	161	0	1	1
793	2	13	94	0	20	161	0	1	1
794	1	10	63	0	20	161	0	1	0
794	1	11	58	0	20	161	0	1	0
794	2	14	1	0	20	161	0	1	1
794	2	15	12	0	20	161	0	1	1
795	1	8	71	0	20	161	0	1	0
795	1	4	78	0	20	161	0	1	0
795	2	7	29	0	20	161	0	1	1
795	2	5	20	0	20	161	0	1	1
796	1	1	87	0	20	161	0	1	0
796	1	12	82	0	20	161	0	1	0
796	2	9	39	0	20	161	0	1	1
796	2	2	50	0	20	161	0	1	1
797	1	6	91	0	20	161	0	1	0
797	1	13	94	0	20	161	0	1	0
797	2	11	58	0	20	161	0	1	1
797	2	10	63	0	20	161	0	1	1
798	1	3	96	0	20	161	0	1	0
798	1	14	1	0	20	161	0	1	0
798	2	4	78	0	20	161	0	1	1
798	2	8	71	0	20	161	0	1	1
799	1	5	20	0	20	161	0	1	0
799	1	15	12	0	20	161	0	1	0
799	2	1	87	0	20	161	0	1	1
799	2	12	82	0	20	161	0	1	1
800	1	7	29	0	20	161	0	1	0
800	1	9	39	0	20	161	0	1	0
800	2	13	94	0	20	161	0	1	1
800	2	6	91	0	20	161	0	1	1
801	1	2	50	0	20	161	0	1	0
801	1	11	58	0	20	161	0	1	0
801	2	14	1	0	20	161	0	1	1
801	2	3	96	0	20	161	0	1	1
802	1	10	63	0	20	161	0	1	0
802	1	8	71	0	20	161	0	1	0
802	2	15	12	0	20	161	0	1	1
802	2	5	20	0	20	161	0	1	1
803	1	12	82	0	20	161	0	1	0
803	1	4	78	0	20	161	0	1	0
803	2	7	29	0	20	161	0	1	1
803	2	9	39	0	20	161	0	1	1
804	1	6	91	0	20	161	0	1	0
804	1	1	87	0	20	161	0	1	0
804	2	11	58	0	20	161	0	1	1
804	2	2	50	0	20	161	0	1	1
805	1	3	96	0	20	161	0	1	0
805	1	13	94	0	20	161	0	1	0
805	2	10	63	0	20	161	0	1	1
805	2	8	71	0	20	161	0	1	1
806	1	15	12	0	20	161	0	1	0
806	1	14	1	0	20	161	0	1	0
806	2	12	82	0	20	161	0	1	1
806	2	4	78	0	20	161	0	1	1
807	1	7	29	0	20	161	0	1	0
807	1	5	20	0	20	161	0	1	0
807	2	1	87	0	20	161	0	1	1
807	2	6	91	0	20	161	0	1	1
808	1	2	50	0	20	161	0	1	0
808	1	9	39	0	20	161	0	1	0
808	2	3	96	0	20	161	0	1	1
808	2	13	94	0	20	161	0	1	1
809	1	10	63	0	20	161	0	1	0
809	1	11	58	0	20	161	0	1	0
809	2	14	1	0	20	161	0	1	1
809	2	15	12	0	20	161	0	1	1
810	1	8	71	0	20	161	0	1	0
810	1	4	78	0	20	161	0	1	0
810	2	7	29	0	20	161	0	1	1
810	2	5	20	0	20	161	0	1	1
811	1	1	87	0	20	161	0	1	0
811	1	12	82	0	20	161	0	1	0
811	2	9	39	0	20	161	0	1	1
811	2	2	50	0	20	161	0	1	1
812	1	6	91	0	20	161	0	1	0
812	1	13	94	0	20	161	0	1	0
812	2	11	58	0	20	161	0	1	1
812	2	10	63	0	20	161	0	1	1
813	1	3	96	0	20	161	0	1	0
813	1	14	1	0	20	161	0	1	0
813	2	4	78	0	20	161	0	1	1
813	2	8	71	0	20	161	0	1	1
814	1	5	20	0	20	161	0	1	0
814	1	15	12	0	20	161	0	1	0
814	2	1	87	0	20	161	0	1	1
814	2	12	82	0	20	161	0	1	1
815	1	7	29	0	20	161	0	1	0
815	1	9	39	0	20	161	0	1	0
815	2	13	94	0	20	161	0	1	1
815	2	6	91	0	20	161	0	1	1
816	1	2	50	0	20	161	0	1	0
816	1	11	58	0	20	161	0	1	0
816	2	14	1	0	20	161	0	1	1
816	2	3	96	0	20	161	0	1	1
817	1	10	63	0	20	161	0	1	0
817	1	8	71	0	20	161	0	1	0
817	2	15	12	0	20	161	0	1	1
817	2	5	20	0	20	161	0	1	1
818	1	12	82	0	20	161	0	1	0
818	1	4	78	0	20	161	0	1	0
818	2	7	29	0	20	161	0	1	1
818	2	9	39	0	20	161	0	1	1
819	1	6	91	0	20	161	0	1	0
819	1	1	87	0	20	161	0	1	0
819	2	11	58	0	20	161	0	1	1
819	2	2	50	0	20	161	0	1	1
820	1	3	96	0	20	161	0	1	0
820	1	13	94	0	20	161	0	1	0
820	2	10	63	0	20	161	0	1	1
820	2	8	71	0	20	161	0	1	1
821	1	15	12	0	20	161	0	1	0
821	1	14	1	0	20	161	0	1	0
821	2	12	82	0	20	161	0	1	1
821	2	4	78	0	20	161	0	1	1
822	1	7	29	0	20	161	0	1	0
822	1	5	20	0	20	161	0	1	0
822	2	1	87	0	20	161	0	1	1
822	2	6	91	0	20	161	0	1	1
823	1	2	50	0	20	161	0	1	0
823	1	9	39	0	20	161	0	1	0
823	2	3	96	0	20	161	0	1	1
823	2	13	94	0	20	161	0	1	1
824	1	10	63	0	20	161	0	1	0
824	1	11	58	0	20	161	0	1	0
824	2	14	1	0	20	161	0	1	1
824	2	15	12	0	20	161	0	1	1
825	1	8	71	0	20	161	0	1	0
825	1	4	78	0	20	161	0	1	0
825	2	7	29	0	20	161	0	1	1
825	2	5	20	0	20	161	0	1	1
826	1	1	87	0	20	161	0	1	0
826	1	12	82	0	20	161	0	1	0
826	2	9	39	0	20	161	0	1	1
826	2	2	50	0	20	161	0	1	1
827	1	6	91	0	20	161	0	1	0
827	1	13	94	0	20	161	0	1	0
827	2	11	58	0	20	161	0	1	1
827	2	10	63	0	20	161	0	1	1
828	1	3	96	0	20	161	0	1	0
828	1	14	1	0	20	161	0	1	0
828	2	4	78	0	20	161	0	1	1
828	2	8	71	0	20	161	0	1	1
829	1	5	20	0	20	161	0	1	0
829	1	15	12	0	20	161	0	1	0
829	2	1	87	0	20	161	0	1	1
829	2	12	82	0	20	161	0	1	1
830	1	7	29	0	20	161	0	1	0
830	1	9	39	0	20	161	0	1	0
830	2	13	94	0	20	161	0	1	1
830	2	6	91	0	20	161	0	1	1
831	1	2	50	0	20	161	0	1	0
831	1	11	58	0	20	161	0	1	0
831	2	14	1	0	20	161	0	1	1
831	2	3	96	0	20	161	0	1	1
832	1	10	63	0	20	161	0	1	0
832	1	8	71	0	20	161	0	1	0
832	2	15	12	0	20	161	0	1	1
832	2	5	20	0	20	161	0	1	1
833	1	12	82	0	20	161	0	1	0
833	1	4	78	0	20	161	0	1	0
833	2	7	29	0	20	161	0	1	1
833	2	9	39	0	20	161	0	1	1
834	1	6	91	0	20	161	0	1	0
834	1	1	87	0	20	161	0	1	0
834	2	11	58	0	20	161	0	1	1
834	2	2	50	0	20	161	0	1	1
835	1	3	96	0	20	161	0	1	0
835	1	13	94	0	20	161	0	1	0
835	2	10	63	0	20	161	0	1	1
835	2	8	71	0	20	161	0	1	1
836	1	15	12	0	20	161	0	1	0
836	1	14	1	0	20	161	0	1	0
836	2	12	82	0	20	161	0	1	1
836	2	4	78	0	20	161	0	1	1
837	1	7	29	0	20	161	0	1	0
837	1	5	20	0	20	161	0	1	0
837	2	1	87	0	20	161	0	1	1
837	2	6	91	0	20	161	0	1	1
838	1	2	50	0	20	161	0	1	0
838	1	9	39	0	20	161	0	1	0
838	2	3	96	0	20	161	0	1	1
838	2	13	94	0	20	161	0	1	1
839	1	10	63	0	20	161	0	1	0
839	1	11	58	0	20	161	0	1	0
839	2	14	1	0	20	161	0	1	1
839	2	15	12	0	20	161	0	1	1
840	1	8	71	0	20	161	0	1	0
840	1	4	78	0	20	161	0	1	0
840	2	7	29	0	20	161	0	1	1
840	2	5	20	0	20	161	0	1	1
841	1	1	87	0	20	161	0	1	0
841	1	12	82	0	20	161	0	1	0
841	2	9	39	0	20	161	0	1	1
841	2	2	50	0	20	161	0	1	1
842	1	6	91	0	20	161	0	1	0
842	1	13	94	0	20	161	0	1	0
842	2	11	58	0	20	161	0	1	1
842	2	10	63	0	20	161	0	1	1
843	1	3	96	0	20	161	0	1	0
843	1	14	1	0	20	161	0	1	0
843	2	4	78	0	20	161	0	1	1
843	2	8	71	0	20	161	0	1	1
844	1	5	20	0	20	161	0	1	0
844	1	15	12	0	20	161	0	1	0
844	2	1	87	0	20	161	0	1	1
844	2	12	82	0	20	161	0	1	1
845	1	7	29	0	20	161	0	1	0
845	1	9	39	0	20	161	0	1	0
845	2	13	94	0	20	161	0	1	1
845	2	6	91	0	20	161	0	1	1
846	1	2	50	0	20	161	0	1	0
846	1	11	58	0	20	161	0	1	0
846	2	14	1	0	20	161	0	1	1
846	2	3	96	0	20	161	0	1	1
847	1	10	63	0	20	161	0	1	0
847	1	8	71	0	20	161	0	1	0
847	2	15	12	0	20	161	0	1	1
847	2	5	20	0	20	161	0	1	1
848	1	12	82	0	20	161	0	1	0
848	1	4	78	0	20	161	0	1	0
848	2	7	29	0	20	161	0	1	1
848	2	9	39	0	20	161	0	1	1
849	1	6	91	0	20	161	0	1	0
849	1	1	87	0	20	161	0	1	0
849	2	11	58	0	20	161	0	1	1
849	2	2	50	0	20	161	0	1	1
850	1	3	96	0	20	161	0	1	0
850	1	13	94	0	20	161	0	1	0
850	2	10	63	0	20	161	0	1	1
850	2	8	71	0	20	161	0	1	1
851	1	15	12	0	20	161	0	1	0
851	1	14	1	0	20	161	0	1	0
851	2	12	82	0	20	161	0	1	1
851	2	4	78	0	20	161	0	1	1
852	1	7	29	0	20	161	0	1	0
852	1	5	20	0	20	161	0	1	0
852	2	1	87	0	20	161	0	1	1
852	2	6	91	0	20	161	0	1	1
853	1	2	50	0	20	161	0	1	0
853	1	9	39	0	20	161	0	1	0
853	2	3	96	0	20	161	0	1	1
853	2	13	94	0	20	161	0	1	1
854	1	10	63	0	20	161	0	1	0
854	1	11	58	0	20	161	0	1	0
854	2	14	1	0	20	161	0	1	1
854	2	15	12	0	20	161	0	1	1
855	1	8	71	0	20	161	0	1	0
855	1	4	78	0	20	161	0	1	0
855	2	7	29	0	20	161	0	1	1
855	2	5	20	0	20	161	0	1	1
856	1	1	87	0	20	161	0	1	0
856	1	12	82	0	20	161	0	1	0
856	2	9	39	0	20	161	0	1	1
856	2	2	50	0	20	161	0	1	1
857	1	6	91	0	20	161	0	1	0
857	1	13	94	0	20	161	0	1	0
857	2	11	58	0	20	161	0	1	1
857	2	10	63	0	20	161	0	1	1
858	1	3	96	0	20	161	0	1	0
858	1	14	1	0	20	161	0	1	0
858	2	4	78	0	20	161	0	1	1
858	2	8	71	0	20	161	0	1	1
859	1	5	20	0	20	161	0	1	0
859	1	15	12	0	20	161	0	1	0
859	2	1	87	0	20	161	0	1	1
859	2	12	82	0	20	161	0	1	1
860	1	7	29	0	20	161	0	1	0
860	1	9	39	0	20	161	0	1	0
860	2	13	94	0	20	161	0	1	1
860	2	6	91	0	20	161	0	1	1
861	1	2	50	0	20	161	0	1	0
861	1	11	58	0	20	161	0	1	0
861	2	14	1	0	20	161	0	1	1
861	2	3	96	0	20	161	0	1	1
862	1	10	63	0	20	161	0	1	0
862	1	8	71	0	20	161	0	1	0
862	2	15	12	0	20	161	0	1	1
862	2	5	20	0	20	161	0	1	1
863	1	12	82	0	20	161	0	1	0
863	1	4	78	0	20	161	0	1	0
863	2	7	29	0	20	161	0	1	1
863	2	9	39	0	20	161	0	1	1
864	1	6	91	0	20	161	0	1	0
864	1	1	87	0	20	161	0	1	0
864	2	11	58	0	20	161	0	1	1
864	2	2	50	0	20	161	0	1	1
865	1	3	96	0	20	161	0	1	0
865	1	13	94	0	20	161	0	1	0
865	2	10	63	0	20	161	0	1	1
865	2	8	71	0	20	161	0	1	1
866	1	15	12	0	20	161	0	1	0
866	1	14	1	0	20	161	0	1	0
866	2	12	82	0	20	161	0	1	1
866	2	4	78	0	20	161	0	1	1
867	1	7	29	0	20	161	0	1	0
867	1	5	20	0	20	161	0	1	0
867	2	1	87	0	20	161	0	1	1
867	2	6	91	0	20	161	0	1	1
868	1	2	50	0	20	161	0	1	0
868	1	9	39	0	20	161	0	1	0
868	2	3	96	0	20	161	0	1	1
868	2	13	94	0	20	161	0	1	1
869	1	10	63	0	20	161	0	1	0
869	1	11	58	0	20	161	0	1	0
869	2	14	1	0	20	161	0	1	1
869	2	15	12	0	20	161	0	1	1
870	1	8	71	0	20	161	0	1	0
870	1	4	78	0	20	161	0	1	0
870	2	7	29	0	20	161	0	1	1
870	2	5	20	0	20	161	0	1	1
871	1	1	87	0	20	161	0	1	0
871	1	12	82	0	20	161	0	1	0
871	2	9	39	0	20	161	0	1	1
871	2	2	50	0	20	161	0	1	1
872	1	6	91	0	20	161	0	1	0
872	1	13	94	0	20	161	0	1	0
872	2	11	58	0	20	161	0	1	1
872	2	10	63	0	20	161	0	1	1
873	1	3	96	0	20	161	0	1	0
873	1	14	1	0	20	161	0	1	0
873	2	4	78	0	20	161	0	1	1
873	2	8	71	0	20	161	0	1	1
874	1	5	20	0	20	161	0	1	0
874	1	15	12	0	20	161	0	1	0
874	2	1	87	0	20	161	0	1	1
874	2	12	82	0	20	161	0	1	1
875	1	7	29	0	20	161	0	1	0
875	1	9	39	0	20	161	0	1	0
875	2	13	94	0	20	161	0	1	1
875	2	6	91	0	20	161	0	1	1
876	1	2	50	0	20	161	0	1	0
876	1	11	58	0	20	161	0	1	0
876	2	14	1	0	20	161	0	1	1
876	2	3	96	0	20	161	0	1	1
877	1	10	63	0	20	161	0	1	0
877	1	8	71	0	20	161	0	1	0
877	2	15	12	0	20	161	0	1	1
877	2	5	20	0	20	161	0	1	1
878	1	12	82	0	20	161	0	1	0
878	1	4	78	0	20	161	0	1	0
878	2	7	29	0	20	161	0	1	1
878	2	9	39	0	20	161	0	1	1
879	1	6	91	0	20	161	0	1	0
879	1	1	87	0	20	161	0	1	0
879	2	11	58	0	20	161	0	1	1
879	2	2	50	0	20	161	0	1	1
880	1	3	96	0	20	161	0	1	0
880	1	13	94	0	20	161	0	1	0
880	2	10	63	0	20	161	0	1	1
880	2	8	71	0	20	161	0	1	1
881	1	15	12	0	20	161	0	1	0
881	1	14	1	0	20	161	0	1	0
881	2	12	82	0	20	161	0	1	1
881	2	4	78	0	20	161	0	1	1
882	1	7	29	0	20	161	0	1	0
882	1	5	20	0	20	161	0	1	0
882	2	1	87	0	20	161	0	1	1
882	2	6	91	0	20	161	0	1	1
883	1	2	50	0	20	161	0	1	0
883	1	9	39	0	20	161	0	1	0
883	2	3	96	0	20	161	0	1	1
883	2	13	94	0	20	161	0	1	1
884	1	10	63	0	20	161	0	1	0
884	1	11	58	0	20	161	0	1	0
884	2	14	1	0	20	161	0	1	1
884	2	15	12	0	20	161	0	1	1
885	1	8	71	0	20	161	0	1	0
885	1	4	78	0	20	161	0	1	0
885	2	7	29	0	20	161	0	1	1
885	2	5	20	0	20	161	0	1	1
886	1	1	87	0	20	161	0	1	0
886	1	12	82	0	20	161	0	1	0
886	2	9	39	0	20	161	0	1	1
886	2	2	50	0	20	161	0	1	1
887	1	6	91	0	20	161	0	1	0
887	1	13	94	0	20	161	0	1	0
887	2	11	58	0	20	161	0	1	1
887	2	10	63	0	20	161	0	1	1
888	1	3	96	0	20	161	0	1	0
888	1	14	1	0	20	161	0	1	0
888	2	4	78	0	20	161	0	1	1
888	2	8	71	0	20	161	0	1	1
889	1	5	20	0	20	161	0	1	0
889	1	15	12	0	20	161	0	1	0
889	2	1	87	0	20	161	0	1	1
889	2	12	82	0	20	161	0	1	1
890	1	7	29	0	20	161	0	1	0
890	1	9	39	0	20	161	0	1	0
890	2	13	94	0	20	161	0	1	1
890	2	6	91	0	20	161	0	1	1
891	1	2	50	0	20	161	0	1	0
891	1	11	58	0	20	161	0	1	0
891	2	14	1	0	20	161	0	1	1
891	2	3	96	0	20	161	0	1	1
892	1	10	63	0	20	161	0	1	0
892	1	8	71	0	20	161	0	1	0
892	2	15	12	0	20	161	0	1	1
892	2	5	20	0	20	161	0	1	1
893	1	12	82	0	20	161	0	1	0
893	1	4	78	0	20	161	0	1	0
893	2	7	29	0	20	161	0	1	1
893	2	9	39	0	20	161	0	1	1
894	1	6	91	0	20	161	0	1	0
894	1	1	87	0	20	161	0	1	0
894	2	11	58	0	20	161	0	1	1
894	2	2	50	0	20	161	0	1	1
895	1	3	96	0	20	161	0	1	0
895	1	13	94	0	20	161	0	1	0
895	2	10	63	0	20	161	0	1	1
895	2	8	71	0	20	161	0	1	1
896	1	15	12	0	20	161	0	1	0
896	1	14	1	0	20	161	0	1	0
896	2	12	82	0	20	161	0	1	1
896	2	4	78	0	20	161	0	1	1
897	1	7	29	0	20	161	0	1	0
897	1	5	20	0	20	161	0	1	0
897	2	1	87	0	20	161	0	1	1
897	2	6	91	0	20	161	0	1	1
898	1	2	50	0	20	161	0	1	0
898	1	9	39	0	20	161	0	1	0
898	2	3	96	0	20	161	0	1	1
898	2	13	94	0	20	161	0	1	1
899	1	10	63	0	20	161	0	1	0
899	1	11	58	0	20	161	0	1	0
899	2	14	1	0	20	161	0	1	1
899	2	15	12	0	20	161	0	1	1
900	1	8	71	0	20	161	0	1	0
900	1	4	78	0	20	161	0	1	0
900	2	7	29	0	20	161	0	1	1
900	2	5	20	0	20	161	0	1	1
901	1	1	87	0	20	161	0	1	0
901	1	12	82	0	20	161	0	1	0
901	2	9	39	0	20	161	0	1	1
901	2	2	50	0	20	161	0	1	1
902	1	6	91	0	20	161	0	1	0
902	1	13	94	0	20	161	0	1	0
902	2	11	58	0	20	161	0	1	1
902	2	10	63	0	20	161	0	1	1
903	1	3	96	0	20	161	0	1	0
903	1	14	1	0	20	161	0	1	0
903	2	4	78	0	20	161	0	1	1
903	2	8	71	0	20	161	0	1	1
